ECOLI RESTRICTION 20, SEED 27

SOL: [5 5 5 5 5 5 5 5 5 5 5 5 5 5 5 5 5 5 5 5 5 5 5 5 5 5 5 5 5 5 5 5 5 5 5 5 5
 5 5 5 5 5 5 5 5 5 5 5 5 5 5 5 5 5 5 5 5 5 5 5 5 5 5 5 5 5 5 5 5 5 5 5 5 5
 5 5 5 5 5 5 5 5 5 5 5 5 5 5 5 5 5 5 5 5 5 5 5 5 5 5 5 5 5 5 5 5 5 5 5 5 5
 5 5 5 5 5 5 5 5 5 7 5 5 5 5 5 5 5 5 5 5 5 5 5 5 2 5 5 5 0 5 5 5 6 6 6 6 6
 6 6 6 6 6 6 6 6 6 6 6 6 6 6 6 6 6 6 6 6 6 6 6 6 6 6 6 6 6 6 6 6 6 6 6 6 6
 6 6 6 6 6 6 6 6 6 6 6 6 6 6 6 6 6 6 6 6 6 6 6 6 6 6 6 6 6 6 6 6 6 6 6 3 3
 3 3 1 1 1 1 1 1 1 1 1 1 1 1 1 1 1 1 1 1 1 1 1 1 1 1 1 1 1 1 1 1 1 1 1 1 1
 3 3 3 3 3 3 3 3 3 3 3 3 3 3 3 3 3 3 3 3 4 3 1 3 3 4 4 4 4 4 4 4 4 4 4 4 4
 4 4 4 4 4 4 4 4 4 4 4 4 4 4 4 4 4 4 4 4 4 4 4 4 4 4 4 4 4 4 4 4 4 4 4 4 4
 4 4 4]
TIME: 327.86991572380066
C_RATE: 53.053978097617986
INF_RATE: 140
OBJ_RATE: 54.93204636509827

RESULTS: 
109.3068879546358
109.28185928568999
109.26791661109098
109.21114290278986
109.15081983713738
109.12759234346711
109.06495794495251
109.06034841978999
109.03592665763264
109.00252053393658
108.96402492157918
108.8425152132767
108.84232955688887
108.7933197544744
108.73919170819946
108.6899756614762
108.64952519852457
108.64684115499375
108.58940256789143
108.5623811776208
108.54324488065423
108.52560908393366
108.41490292709918
108.41026269239495
108.40211429730175
108.35565180480725
108.3307731371984
108.27505497102445
108.21328407515031
108.16739673861653
108.12328529623636
108.10410241222883
108.0844924217127
108.03806603042855
108.03620413729055
107.97446019659007
107.88997335685343
107.80680398164543
107.79432834554817
107.7363999327518
107.69009514042547
107.66963002635296
107.64488563748455
107.63493311335469
107.57768752455806
107.56744221174029
107.47998028122524
107.37106841726944
107.33095451405865
107.17024548379372
107.11800218558228
107.10103873136188
107.07277267635601
107.0182911225185
106.9126444855892
106.91067477053159
106.90393338329939
106.86865728550282
106.83462649923275
106.81020107166776
106.75094150358612
106.6701922241117
106.6671205806085
106.48396381077059
106.43776211877687
106.37464775120388
106.32304377777963
106.25951453903014
106.2365063588997
106.11063411689292
106.05314559627328
105.98953593418723
105.97886084623921
105.93771570743316
105.88071512000852
105.85460296041879
105.77547321558994
105.75492885543093
105.67216096726109
105.62628211579778
105.54586961939101
105.48255825886963
105.3816080780633
105.36002794778253
105.2798379003076
105.27490282460184
105.19836548977688
105.08911397665084
105.01486042600516
104.97445863274879
104.96493880769779
104.9200986690729
104.87303574348849
104.87087030675903
104.83409393044819
104.83090660386031
104.80133352456284
104.80109475781373
104.77862010541847
104.75020796935482
104.71975383942868
104.71887676905358
104.71005894668747
104.54388632599259
104.40424093131477
104.38739136907998
104.35597525210363
104.34538571569739
104.28387395558343
104.21068841886489
104.20736424029334
104.19577759657423
104.13028850995721
104.10298858123232
104.08842491292856
104.05941888199871
104.01943644829419
103.9942600310179
103.96532648585938
103.93760149658064
103.8748208686911
103.87249786182946
103.85393873147478
103.84313386587024
103.8339389576
103.78463350620561
103.75462436403663
103.64712578332384
103.64111155022471
103.59918683045704
103.5938270123972
103.51718667337028
103.51127633493218
103.49323817857417
103.35544715986083
103.2932775567794
103.23464289844327
103.22609571183692
103.18590322059686
103.16500925174446
103.15988448918567
103.13633973802087
103.12022173728502
102.89414617239738
102.83753478825028
102.82710238425057
102.76629170611024
102.66265969712941
102.60083863004093
102.56017568980374
102.51202144021121
102.44963565070347
102.37203511516643
102.26922506464044
102.25560262047188
102.14625568561974
102.10899926756032
102.07546712303733
102.06112497572093
101.98889074166232
101.90080073431085
101.76734386506166
101.7461297116819
101.72152145384858
101.68270179508832
101.64750674776582
101.61046673004618
101.58480734503163
101.57318734417763
101.529844803305
101.49451087229869
101.41367443337762
101.3579810708332
101.26543428984053
101.2376487016713
101.18454489905257
101.18182375103424
101.18112102313827
101.11206337986603
101.06142309522923
101.01400174549309
100.97418159053615
100.9109165222522
100.88467644977965
100.75875438618041
100.6629913475831
100.63059358294433
100.54429719204816
100.52075320103995
100.48090008120676
100.40802910293792
100.38148205189582
100.38027101465897
100.31664525411804
100.21017832433735
100.09817123512269
100.08299903852202
100.0633526884643
100.05112247602364
100.04110953094414
99.92486492167427
99.88450615998526
99.87921769584159
99.80384267845955
99.76134664056627
99.72427142537137
99.62774509934562
99.54255270395967
99.42657862331109
99.33825145199691
99.30938663027693
99.28914818315027
99.12453109803785
98.98127538264873
98.93471309323712
98.93094045446011
98.91877002932708
98.87096618569979
98.8519166513614
98.74940880746011
98.67530088967486
98.45967788258696
98.45806796432865
98.4254918264343
98.38755682320894
98.36310006191516
98.29599902479666
98.29085964241193
98.16525213475157
97.9960942386607
97.94456994265119
97.85881313950445
97.83998465096379
97.81769037557439
97.68217958276139
97.55699197616559
97.5135774334685
97.4701431453174
97.37364241956789
97.32988437960606
97.19486360009373
97.10921690184682
97.09306504156066
97.01930919286985
96.88163558038194
96.83828905752361
96.81496351236927
96.70301930629148
96.64643040301328
96.63521002307479
96.54198416134314
96.51145704579463
96.369303838343
96.35920411648728
96.16093114891503
96.13270741499892
96.10403428323929
96.05866470918173
95.98463851852446
95.975412380516
95.84680669663172
95.81505270254321
95.7077528612239
95.66777739804138
95.6267218425453
95.5801352650532
95.5738901051667
95.51126252768245
95.43070680727037
95.27562012672965
95.23455845380852
95.20331644660274
95.01767422116583
94.98225757481575
94.97995224334832
94.86647322433944
94.80817895887866
94.75603938146554
94.75421842789025
94.75393440821414
94.61755389701109
94.61210270117232
94.31039598930167
94.28260532759737
94.26493509164635
94.11809652617265
94.03997794067641
93.89873074674406
93.84258296521884
93.83498938600093
93.79718349737078
93.74572857933623
93.7201589049405
93.68286438474527
93.56458599390548
93.56217775809968
93.47661100396128
93.45542401671929
93.36458009350544
93.2819690256698
93.20964873208682
93.13089747925744
93.07847767751053
92.99710752485304
92.98455519185529
92.96095132724109
92.94509512162801
92.84918209153412
92.82718322136435
92.59643219993845
92.37816461498086
92.37130109691105
92.27899963444207
92.27609002781793
92.09356454602911
92.07876571533015
92.01495775441893
92.00609561884211
91.95720923846207
91.92145869954193
91.72767214390916
91.66500431113602
91.47983540207203
91.41535570923823
91.3816821306747
91.32063028308747
91.2106698223377
91.19112234775488
91.15937585331552
91.04913605899662
90.97833119678276
90.9571127907285
90.84825549269246
90.81902674230471
90.79085190376287
90.7382318864061
90.7298094565426
90.4827466773094
90.31957380053595
90.19765098597232
89.98253063366595
89.89679326991391
89.80672196736472
89.80579847422366
89.6505105153153
89.57648871984628
89.56462233332677
89.41877702110094
89.39979067419483
89.29085259586736
89.26170570252958
89.22407646255934
89.09545075066814
89.08704046586726
88.93310818280106
88.88409088022715
88.76824578613942
88.75118686948825
88.74399960329536
88.65296994264796
88.55699256202992
88.51339806591947
88.34423136216196
88.32891691166935
88.25629060161269
88.19800660377211
88.05817647102356
87.97721251050125
87.92173316270328
87.75441011205129
87.73080257563433
87.50616859128456
87.4884939854159
87.42282375213637
87.34731956426288
87.065763322113
86.93158998728659
86.87971520411486
86.81756303545143
86.80223562157903
86.64560318399943
86.47930216854746
86.45299519350245
86.34267597474613
86.18327466317707
86.17423676262287
86.08262533105398
86.07559353057262
86.00860029694383
85.9481028662583
85.8749306214581
85.77388710932073
85.7441165026297
85.6242783129249
85.60538262194065
85.56486669329878
85.50011715628635
85.49418026078683
85.46212037373954
85.37726357879842
85.30698791463868
85.20898836761994
85.18836556708435
85.13672458853023
85.01912169756089
85.01896645911935
85.01277585491779
84.89067903534246
84.79604298932358
84.6379683789747
84.51908709832118
84.4012593071293
84.3770982781799
84.28780494732756
84.26395579490948
84.18282967601915
83.93093930555752
83.83233727934604
83.58209490042134
83.54212086444315
83.48838592747526
83.44695023983307
83.27350016330895
83.14500439301439
82.98768086641965
82.84743526352602
82.83348053932286
82.63354532263
82.43642604178945
82.43164640299526
82.27240664611715
82.01866531430302
81.98046982701797
81.79137354989804
81.67156720967508
81.449312594774
81.44300289493395
81.32382662863682
81.28552118763405
81.27508342196104
81.2343151168742
81.22195015866221
81.09570308155932
81.07950396890537
81.05284241294363
80.98356885154918
80.975835955843
80.74970881971196
80.5604806166618
80.28965641805121
80.18017057415199
80.14031686617979
79.94312043697471
79.80210458301767
79.59061206281235
79.58153044042805
79.47728630640755
79.20567275061973
79.01450786837225
78.98863876130929
78.78593273216575
78.76027256084194
78.72546307638561
78.69742274242533
78.62997610470755
78.57881918907471
78.56286065825516
78.53133450682614
78.49210075385798
78.35964668641186
78.32258637308267
78.26270294016214
78.15391037368553
77.98150948373768
77.95884855739408
77.65525448363586
77.6244615667927
77.53038240761751
77.40061599333427
77.2431310667875
77.23317948196345
77.20559059387737
76.9667267780577
76.59456956122239
76.31785526647501
76.07292096842397
75.95934201202886
75.85110992187916
75.60141617429761
75.59897575407953
75.58600951163254
75.54512649752101
75.46798715789627
75.41918891411854
75.38692868253784
75.23231550045364
75.09032757679851
74.79755363072942
74.76347958243508
74.7444303009243
74.69181090478688
74.68945733553377
74.67427832686823
74.65457300732452
74.58747499136781
74.55091873123666
74.48375887025375
74.38544864736848
74.32264177786234
74.25541168991272
73.9849069828226
73.75827146591187
73.73356146745398
73.72098005512825
73.43087628260133
73.42082869800642
73.39457247009489
73.2232110780491
73.21346474581259
73.01589899767605
72.99610904289172
72.98270276167194
72.96923400264969
72.79172961987014
72.73038467448825
72.40636377589105
72.172617750123
72.0292101398419
71.98829149303009
71.97948216484639
71.92695675302302
71.77842324990314
71.76519481283025
71.59215500334662
71.45631915068171
71.24130157151812
70.84270848900886
70.61351218132543
70.59784023544243
70.54088609116761
70.5351906537988
70.16369376973549
70.12459213431916
69.96437217269991
69.72795759960724
69.67168617619917
69.5344521923759
69.13496274066338
68.9927294635503
68.99197549456086
68.72473122360148
68.6911541889685
68.54082286983783
68.53666652906035
68.4307349387204
68.39477919812627
68.23360460999346
68.01904940540375
68.00301687586168
67.98257546478305
67.72552298610512
67.3823905699337
67.10867527169353
67.04142448961005
67.01675457802217
66.92212681996936
66.89426495320141
66.83196471412806
66.46395061404088
66.43187453836127
65.98415679180384
65.77073336683601
65.6811252406764
65.62705307986371
65.61365160126195
65.57135606066612
65.38649901031192
65.25903187504622
65.09609595096458
65.04205446713243
65.02663605524212
64.91380981228718
64.89702810965167
64.55781391525619
64.33217868196361
64.14353734966917
64.1276276128421
63.97701126283336
63.92101078130436
63.91486815465661
63.74898102829213
63.74089785748429
63.50052651530567
63.32474385172385
63.21012322626995
63.20575067313351
63.068189213177064
62.68172495746788
62.667507108448156
62.41537362750947
62.356606848234584
61.953800344674775
61.89598549861347
61.44177775057682
61.22467745045104
61.142363113117156
61.08586529078828
60.97478661041239
60.92186835246906
60.851179314486664
60.646743161035694
60.518152691435645
60.46323211098046
60.09238167645395
60.02242327979958
59.67434544103205
59.65224406808197
59.640719206416634
59.07036128668737
58.91424243550942
58.76201911473157
58.53899257275654
58.28981284720378
58.147292301922015
57.95012196379629
57.9495404504861
57.75392843021939
57.7488959394382
57.525410944569515
57.52398828740301
57.50801057130843
57.25675828776934
57.17326993183706
57.15847869125571
57.12071320029534
56.928098439349014
56.70627086857335
56.17566008957581
55.91266341496532
55.8190053076988
55.550448610569326
55.54674768373001
55.51320106972836
55.274324575225044
55.27054517926439
55.14135670594943
55.12537161439046
54.93204636509827
