

------------------------------------  newthyroid  ------------------------------------


--------> Restriction: 10
--EXECUTION: 0
TIME: 1011.7805984020233

SOL: [1 2 1 1 2 1 2 1 1 1 1 2 1 1 2 1 2 2 2 1 1 2 1 1 1 2 2 1 1 1 2 1 1 1 1 2 1
 1 1 1 2 2 2 1 1 1 1 1 1 1 1 2 2 2 1 1 1 2 1 1 1 0 2 2 1 1 1 1 2 1 1 2 1 1
 1 2 1 1 1 1 1 2 1 1 1 1 1 1 1 2 2 1 1 1 2 2 1 1 1 2 1 2 1 1 1 1 1 1 2 1 1
 1 2 2 1 1 1 1 1 1 1 1 1 1 1 2 2 1 1 1 1 1 2 1 2 1 1 2 1 1 1 1 1 1 1 2 2 2
 1 1 1 1 2 1 2 2 1 2 1 1 1 2 1 2 2 1 1 1 1 1 1 1 2 2 2 2 1 2 2 1 1 1 1 2 2
 1 1 1 2 1 1 1 1 2 1 2 1 1 1 1 1 2 1 1 1 1 2 1 1 1 1 1 2 1 1]
OBJ_RATE: 84.3836173151103
C_RATE: 80.8362045527949
INF_RATE: 97


--------> Restriction: 20
--EXECUTION: 0
TIME: 1269.433798789978

SOL: [1 0 1 1 0 1 0 1 1 1 1 0 1 1 0 1 0 0 0 1 1 0 1 1 1 0 0 1 1 1 0 1 1 1 1 0 1
 1 1 1 0 0 0 1 1 1 1 1 1 1 1 0 0 0 1 1 1 0 1 1 1 2 0 0 1 1 1 1 0 1 1 0 1 1
 1 0 1 1 1 1 1 0 1 1 1 1 1 1 1 0 0 1 1 1 0 0 1 1 1 0 1 0 1 1 1 1 1 1 0 1 1
 1 0 0 1 1 1 1 1 1 1 1 1 1 1 0 0 1 1 1 1 1 0 1 0 1 1 0 1 1 1 1 1 1 1 0 0 0
 1 1 1 1 0 1 0 0 1 0 1 1 1 0 1 0 0 1 1 1 1 1 1 1 0 0 0 0 1 0 0 1 1 1 1 0 0
 1 1 1 0 1 1 1 1 0 1 0 1 1 1 1 1 0 1 1 1 1 0 1 1 1 1 1 0 1 1]
OBJ_RATE: 85.00442269577636
C_RATE: 80.8362045527949
INF_RATE: 228
