

------------------------------------  newthyroid  ------------------------------------


--------> Restriction: 10
--EXECUTION: 0
TIME: 1166.2486736774445

SOL: [2 2 2 0 2 2 2 0 2 0 2 0 0 2 0 2 0 2 2 1 2 1 0 1 2 1 0 2 2 1 2 2 1 2 0 1 0
 2 2 1 2 0 1 1 2 0 1 0 0 2 2 1 1 1 2 0 2 1 2 2 2 2 1 1 1 2 0 0 1 1 2 1 2 1
 2 1 2 1 2 0 1 0 0 2 1 0 0 2 1 0 0 2 1 2 1 0 2 1 2 1 2 1 2 2 2 1 0 2 0 0 2
 2 2 1 0 0 2 1 0 2 0 0 0 0 1 2 0 1 2 2 2 2 0 1 0 0 0 2 2 1 2 2 2 1 2 0 1 1
 0 1 0 2 0 0 0 0 0 0 2 2 0 2 2 1 0 2 0 2 0 0 2 2 0 0 2 2 2 2 1 0 2 1 0 0 2
 1 1 1 2 0 0 0 2 1 2 2 0 0 0 2 2 0 1 2 2 1 2 0 0 0 0 0 2 2 0]
OBJ_RATE: 132.9733380298974
C_RATE: 94.75636548742737
INF_RATE: 1045
--EXECUTION: 1
TIME: 1181.54350233078

SOL: [2 2 1 1 1 2 1 0 1 1 1 1 1 2 2 1 0 2 2 2 2 1 0 1 2 0 2 2 1 2 2 1 1 0 1 1 2
 1 1 2 1 0 1 0 2 1 1 0 0 1 0 0 2 2 0 1 1 2 2 1 1 0 2 0 0 0 0 2 0 2 2 0 2 2
 2 0 2 1 2 1 0 0 1 1 2 0 2 2 1 2 1 1 1 0 1 2 0 1 1 1 2 0 1 1 0 0 2 1 2 1 2
 2 2 2 1 2 1 2 2 1 2 1 0 0 2 0 2 1 1 0 2 1 2 1 0 1 0 2 0 1 1 1 2 2 1 0 1 1
 1 0 0 1 2 1 2 2 1 0 2 1 1 2 0 2 2 1 1 1 2 2 1 2 0 2 1 0 1 0 0 1 2 2 2 0 2
 1 2 2 0 1 2 1 1 0 1 2 0 0 1 2 0 0 1 1 1 1 2 1 1 1 2 1 1 0 1]
OBJ_RATE: 132.45421295685037
C_RATE: 94.71266686706178
INF_RATE: 1032
--EXECUTION: 2
TIME: 1232.3657684326172

SOL: [0 2 1 2 1 2 2 1 2 0 1 1 2 2 0 2 0 2 2 2 0 0 1 0 2 1 0 0 2 0 2 2 1 0 2 2 2
 0 2 2 2 0 0 0 1 1 1 0 0 2 0 1 0 1 0 2 0 1 2 0 0 0 1 1 0 2 1 0 1 1 0 1 2 0
 2 2 0 2 0 2 1 1 1 2 0 1 0 2 2 0 2 1 2 1 2 1 0 1 0 0 1 1 2 1 1 1 0 0 0 2 0
 0 0 2 1 1 0 0 1 1 0 2 1 2 1 1 0 2 2 0 0 2 0 0 1 1 2 2 0 0 1 2 0 2 1 2 2 0
 1 1 0 1 1 0 0 0 0 0 1 2 2 2 1 2 1 2 0 1 1 0 2 0 2 1 2 1 1 0 1 0 2 2 2 0 2
 2 0 2 1 0 2 2 1 1 1 1 2 0 0 0 1 2 1 0 2 2 0 1 2 0 0 0 0 1 1]
OBJ_RATE: 133.23996136419942
C_RATE: 94.84013249377499
INF_RATE: 1050
--EXECUTION: 3
TIME: 1213.7109434604645

SOL: [1 1 2 2 2 0 1 2 1 2 2 0 0 2 0 2 0 1 0 0 2 1 2 0 1 0 1 0 0 2 0 2 2 0 1 1 0
 1 0 0 1 2 1 0 1 2 0 1 2 2 2 1 2 1 0 2 0 2 0 2 0 0 1 2 2 1 0 2 2 2 2 0 1 0
 2 1 1 1 0 0 0 1 1 2 2 2 0 2 1 2 2 2 0 2 1 2 0 2 0 0 2 2 2 2 0 2 2 0 0 1 0
 1 2 1 2 1 2 0 0 1 1 1 0 0 1 2 1 0 1 2 1 1 1 2 1 1 0 0 0 0 2 2 0 2 0 2 0 1
 1 0 0 2 0 2 1 1 2 1 2 0 1 1 2 0 1 2 2 1 0 2 0 1 1 1 1 2 2 2 0 0 1 2 0 1 2
 2 2 0 0 2 0 2 2 2 1 2 0 0 0 0 2 2 1 1 2 1 0 0 0 0 2 1 1 1 2]
OBJ_RATE: 133.73998422533157
C_RATE: 94.8281576366348
INF_RATE: 1064
--EXECUTION: 4
TIME: 1133.259920835495

SOL: [1 1 2 0 2 1 0 1 2 0 0 0 2 2 1 0 0 1 1 0 1 1 2 0 0 0 0 2 1 1 1 1 1 0 1 2 2
 0 0 2 0 1 0 0 2 1 0 2 1 2 0 2 1 0 2 0 0 1 0 2 2 2 0 0 0 2 0 0 1 2 1 1 2 2
 0 0 0 1 0 0 2 1 2 2 2 0 0 2 1 2 2 0 0 0 0 1 2 1 1 1 1 1 0 2 2 2 2 2 2 0 0
 2 1 2 1 1 2 0 0 0 1 0 0 1 0 2 2 0 2 1 2 1 2 2 0 1 1 0 1 2 0 0 1 2 0 0 0 1
 0 2 2 1 0 0 2 1 2 2 0 2 0 1 0 1 2 2 1 2 2 0 1 1 1 2 1 2 2 1 2 2 1 2 0 0 2
 0 0 1 0 1 1 2 2 0 0 0 0 0 2 0 1 1 2 0 0 2 1 2 1 1 2 1 0 0 0]
OBJ_RATE: 134.62034839781938
C_RATE: 94.83081143494148
INF_RATE: 1088


--------> Restriction: 20
--EXECUTION: 0
TIME: 1673.0245978832245

SOL: [0 2 0 1 2 1 1 0 1 1 1 2 1 0 2 1 2 2 1 2 1 1 1 1 1 0 2 1 0 1 1 0 0 0 1 2 0
 0 2 1 2 2 1 0 1 1 0 0 0 1 2 2 2 2 2 0 1 2 0 2 2 0 0 2 2 0 0 0 1 2 1 1 2 1
 2 0 0 2 0 0 2 2 0 2 1 0 1 1 2 2 1 1 1 2 2 0 1 1 2 0 1 1 0 1 2 1 2 1 2 0 1
 0 0 2 1 0 0 1 2 1 2 0 0 0 1 2 2 0 1 1 2 0 1 1 2 2 1 1 1 0 1 0 1 0 1 0 1 0
 1 0 0 1 0 0 1 1 1 0 0 1 1 2 2 2 1 0 0 0 0 0 2 2 0 1 1 1 0 0 1 1 0 2 0 0 2
 1 1 1 2 2 1 0 0 2 1 1 0 0 0 0 1 2 0 1 1 0 2 0 0 0 1 2 0 0 0]
OBJ_RATE: 134.43297179683515
C_RATE: 94.96287104816422
INF_RATE: 2159
--EXECUTION: 1
TIME: 1394.9654426574707

SOL: [0 0 0 0 0 1 2 1 1 1 0 0 2 2 0 0 0 1 1 0 1 1 0 2 2 0 1 0 0 1 2 2 1 0 1 0 1
 0 1 0 0 2 0 0 0 1 0 1 0 2 0 0 2 0 1 0 1 0 1 1 1 2 1 0 2 1 0 1 0 1 1 2 2 2
 0 1 2 2 2 2 1 2 0 1 1 2 1 1 2 0 1 2 0 2 0 1 1 2 0 1 1 0 1 1 2 2 0 1 1 1 2
 0 0 1 1 1 2 0 1 1 0 1 1 2 0 1 2 2 2 1 1 1 2 1 2 1 1 0 0 1 1 2 1 2 0 2 0 2
 1 2 1 2 1 0 0 1 0 2 0 1 0 1 0 2 2 0 1 2 1 2 0 0 0 1 1 0 2 1 2 2 1 0 0 1 2
 1 1 0 0 0 0 0 0 0 2 1 1 0 1 0 2 0 0 0 1 1 0 2 1 0 1 1 0 0 0]
OBJ_RATE: 134.1722512971993
C_RATE: 94.46448898774433
INF_RATE: 2172
--EXECUTION: 2
TIME: 1179.7711253166199

SOL: [1 0 2 1 1 1 1 2 1 2 2 1 2 2 0 1 2 0 2 1 1 0 0 1 1 1 2 1 1 1 0 1 1 2 1 0 2
 2 1 0 0 2 0 1 1 2 1 0 2 1 1 0 1 2 1 1 0 2 1 2 2 0 0 0 2 0 1 1 1 2 1 0 1 1
 1 2 2 1 1 1 0 1 0 1 2 2 1 1 1 0 2 0 1 1 0 1 1 0 1 0 1 1 1 1 2 2 1 2 0 0 2
 2 1 1 1 1 0 0 2 1 1 1 2 2 0 1 2 2 2 1 1 0 0 2 0 2 1 0 0 1 0 2 1 1 2 0 0 2
 1 1 1 1 1 1 0 2 1 0 1 0 1 0 2 0 0 1 2 2 1 1 1 1 0 0 2 0 2 2 1 1 1 1 1 0 2
 1 2 2 2 0 1 2 1 0 0 0 1 1 1 0 1 2 1 1 1 0 2 2 1 1 2 1 2 2 1]
OBJ_RATE: 131.64389646131409
C_RATE: 94.73322790570195
INF_RATE: 2019
--EXECUTION: 3
TIME: 1179.8598206043243

SOL: [1 0 2 1 1 0 2 0 0 0 2 0 0 1 1 1 1 2 1 0 2 1 1 1 1 0 2 2 2 2 1 1 2 1 1 0 1
 0 2 2 0 1 2 0 2 0 0 0 0 2 1 2 2 0 2 0 0 0 0 0 0 2 1 0 1 2 2 2 0 0 2 0 1 2
 2 0 2 0 1 2 0 0 2 2 2 1 0 1 1 2 2 0 0 1 2 2 1 2 1 2 1 0 1 0 1 2 1 1 0 0 0
 1 1 2 2 0 1 0 0 0 0 1 1 0 2 2 2 1 1 1 1 0 1 2 1 1 2 0 2 2 1 0 1 1 0 1 0 0
 2 0 2 2 2 2 0 1 2 1 0 0 1 1 1 1 1 0 1 0 0 1 2 2 1 2 1 1 1 2 1 2 0 1 0 0 1
 1 1 1 0 2 1 1 0 1 2 0 2 2 2 0 1 1 2 2 2 1 1 2 2 1 0 0 0 0 0]
OBJ_RATE: 134.8551266404482
C_RATE: 94.85485779464368
INF_RATE: 2188
--EXECUTION: 4
TIME: 1174.5850403308868

SOL: [1 0 2 1 2 1 2 0 0 1 2 2 0 0 1 1 1 2 2 1 2 0 1 1 0 1 1 2 0 1 0 1 0 0 0 0 2
 1 1 0 2 1 2 0 1 1 0 1 1 0 0 0 0 2 0 0 0 2 0 0 0 2 0 0 0 1 0 1 2 1 0 1 1 1
 0 1 0 1 1 0 1 1 0 2 0 1 0 0 2 2 2 1 1 1 2 0 2 1 2 1 1 2 1 1 0 1 0 0 2 0 1
 1 2 2 2 0 2 2 0 0 0 1 1 1 0 0 1 0 1 0 1 1 1 1 1 0 0 0 2 1 1 1 0 1 1 1 2 1
 1 1 1 1 1 1 2 0 1 2 1 0 2 2 0 2 2 1 1 2 0 2 1 2 1 2 0 2 0 0 2 1 1 1 1 2 1
 1 1 1 2 0 2 1 0 2 1 2 1 1 0 1 0 0 0 1 0 0 1 1 0 0 1 1 2 0 2]
OBJ_RATE: 132.7256638111544
C_RATE: 94.9191939879717
INF_RATE: 2068
