

------------------------------------  ecoli  ------------------------------------


--------> Restriction: 10
--EXECUTION: 0
TIME: 2388.3419704437256

SOL: [1 2 5 7 3 1 4 6 4 0 7 0 4 4 0 3 7 3 2 5 4 1 1 2 3 4 0 3 0 4 3 6 3 0 6 4 7
 7 3 3 5 0 4 4 5 6 4 0 1 4 0 4 6 6 7 7 2 7 7 2 6 7 6 4 2 3 1 0 7 0 2 2 6 2
 7 6 4 5 3 0 0 2 7 7 5 4 5 4 7 6 7 4 6 1 7 4 0 6 0 2 1 6 3 7 0 6 2 6 6 7 2
 2 1 0 7 4 1 4 6 0 6 2 0 4 2 7 3 3 0 7 4 1 4 2 6 1 6 1 3 3 5 3 5 2 1 0 5 4
 2 1 2 5 5 7 2 4 6 2 4 7 6 5 7 0 2 1 4 5 5 7 1 5 5 2 2 1 0 4 6 5 7 7 0 1 1
 7 0 0 5 0 3 0 1 0 4 4 6 0 6 3 0 1 2 1 7 5 2 1 4 0 2 7 6 6 6 1 0 1 5 3 1 3
 6 3 7 6 0 4 6 3 7 4 1 3 1 1 5 0 1 3 1 6 0 5 7 0 6 0 6 6 5 1 4 6 7 2 4 2 5
 4 6 7 4 4 6 2 1 4 3 1 2 4 7 5 7 4 5 2 7 1 1 7 4 0 7 4 4 2 3 4 4 0 2 2 6 2
 3 4 0 3 2 2 2 2 6 4 6 2 0 1 5 4 6 4 7 3 4 2 0 3 3 7 5 5 4 2 1 0 5 2 0 3 6
 4 4 5]
OBJ_RATE: 105.47363336277918
C_RATE: 60.23901766318258
INF_RATE: 1686
--EXECUTION: 1
TIME: 2474.0887796878815

SOL: [2 0 0 2 7 5 1 2 3 4 3 0 1 2 0 5 6 1 4 6 6 2 1 2 4 7 3 2 2 3 5 6 2 3 6 1 6
 0 6 2 7 2 4 6 7 6 1 6 5 6 5 4 6 7 4 5 7 5 5 0 0 2 3 4 2 6 7 1 2 0 4 1 0 2
 0 7 4 5 4 1 2 1 3 5 5 3 3 0 5 6 3 1 4 7 1 6 6 2 7 4 7 5 6 2 1 7 4 0 5 2 0
 4 0 6 2 5 3 5 7 6 5 3 0 5 5 2 2 6 4 0 3 4 1 2 1 5 6 5 4 3 0 2 1 6 0 0 7 7
 1 4 4 0 0 5 7 1 4 6 6 7 2 6 3 0 0 6 5 0 6 4 5 3 1 3 3 2 6 7 4 7 2 1 7 0 6
 7 2 6 3 6 4 3 4 7 3 7 4 7 3 0 0 1 0 7 2 1 2 1 3 7 7 2 0 3 7 2 0 2 1 3 4 3
 3 3 1 6 5 4 5 6 7 1 2 3 7 4 2 0 3 4 5 6 3 7 5 7 4 1 4 4 0 4 3 7 0 4 0 5 3
 7 1 6 1 3 6 6 2 6 1 6 4 0 4 0 4 0 5 1 6 7 2 7 4 7 4 2 1 0 5 0 6 5 6 2 2 7
 7 3 7 6 3 0 2 0 1 5 6 4 0 3 7 6 6 5 7 2 3 0 3 7 3 1 3 0 4 7 3 4 7 3 7 7 3
 5 0 4]
OBJ_RATE: 106.2857016258625
C_RATE: 60.13888133920405
INF_RATE: 1720
--EXECUTION: 2
TIME: 2276.421957015991

SOL: [2 3 4 5 5 3 0 3 1 1 3 1 4 5 1 4 0 5 6 1 7 2 0 3 3 5 3 7 7 2 7 6 0 3 6 1 4
 7 5 5 3 1 1 1 0 2 7 2 4 1 1 1 6 5 7 1 2 0 6 1 3 2 3 5 2 2 5 6 0 7 5 0 0 1
 2 3 0 4 7 6 5 5 3 7 2 1 2 1 4 6 3 6 0 6 1 6 2 1 0 6 3 3 1 3 5 3 1 3 5 1 7
 1 1 3 0 6 5 5 3 2 5 7 6 6 3 7 6 3 7 4 5 2 1 4 7 0 3 6 7 1 2 3 3 7 6 0 7 3
 0 2 3 6 6 6 3 0 4 7 4 6 7 0 5 1 1 4 1 1 4 7 5 1 6 0 2 0 1 5 1 5 2 1 5 7 3
 3 3 4 1 4 1 5 4 0 4 0 6 5 1 1 7 2 1 7 1 5 5 0 3 5 6 6 7 7 2 5 2 2 7 5 4 4
 6 1 4 4 7 6 1 4 7 5 5 7 0 5 2 7 2 0 3 1 7 7 7 7 2 2 2 1 7 5 3 1 3 2 7 5 7
 6 1 1 4 0 0 5 6 4 0 6 7 6 1 4 7 5 6 2 4 7 1 3 3 4 2 2 4 2 0 1 4 7 7 5 4 5
 1 5 4 7 4 4 6 0 2 3 6 3 1 4 5 2 4 3 5 7 2 3 4 6 0 7 1 0 0 0 7 5 2 1 3 2 4
 6 3 6]
OBJ_RATE: 106.72763571529441
C_RATE: 60.25886086849647
INF_RATE: 1732
--EXECUTION: 3
TIME: 1951.496386051178

SOL: [2 4 3 7 6 0 1 4 3 2 7 7 0 3 4 4 7 3 0 2 0 1 7 4 6 4 0 2 7 6 7 1 7 1 5 2 0
 6 3 1 5 2 3 1 1 4 1 6 0 1 1 5 6 7 0 5 3 1 6 2 3 5 5 6 7 4 5 0 7 5 1 2 4 6
 4 3 5 4 5 5 5 7 2 6 5 6 1 7 0 6 7 3 4 6 0 1 3 5 7 4 3 7 5 7 6 4 4 0 6 1 0
 4 4 7 0 4 3 6 3 0 0 7 5 0 7 6 3 7 5 6 3 0 4 3 4 4 0 0 3 0 6 7 2 4 7 6 0 5
 5 1 7 0 1 7 6 1 6 3 1 5 3 2 5 5 5 5 3 6 6 5 5 6 3 1 2 6 4 0 1 5 0 7 5 1 4
 6 4 5 2 0 1 6 7 6 5 0 5 6 3 4 5 5 1 3 2 6 4 6 2 1 6 4 0 1 6 5 6 5 3 0 7 4
 3 6 1 2 2 5 4 2 4 2 4 5 6 5 0 4 5 5 6 4 6 5 2 7 1 3 5 1 0 3 2 2 2 4 5 3 4
 4 4 3 0 2 3 0 0 1 4 3 4 0 2 2 4 7 3 4 7 0 7 0 4 2 4 3 0 5 3 5 3 6 2 7 2 3
 3 2 2 4 3 1 0 2 6 5 2 6 1 0 5 2 3 2 3 3 3 5 3 7 3 3 5 7 0 6 5 2 3 2 7 5 2
 1 7 1]
OBJ_RATE: 105.71542431910291
C_RATE: 60.132024512688545
INF_RATE: 1699
--EXECUTION: 4
TIME: 1602.4753534793854

SOL: [0 2 2 2 7 4 7 2 1 6 6 6 0 7 0 6 3 2 6 0 1 6 6 3 4 5 3 1 7 0 2 4 5 4 5 4 6
 3 3 5 3 2 3 0 6 5 6 5 1 3 6 4 1 3 1 4 4 4 3 0 1 2 2 7 4 1 1 5 6 6 5 4 6 0
 1 0 5 4 0 5 7 0 1 7 1 7 2 5 5 0 1 5 4 1 2 5 5 3 1 7 7 7 4 7 7 6 7 3 2 6 4
 7 5 7 1 0 4 5 5 4 4 6 5 4 3 0 0 5 2 0 6 4 4 7 5 6 0 4 2 0 6 0 2 3 5 1 6 0
 6 7 1 6 3 7 7 4 5 6 4 7 0 0 7 2 4 7 0 6 7 0 0 7 2 7 7 5 6 0 1 6 1 7 2 3 3
 6 5 7 5 7 1 3 7 6 1 6 5 7 2 2 5 3 6 3 1 5 3 7 7 1 3 5 5 2 5 4 1 6 2 4 2 3
 7 4 2 0 0 7 5 4 3 5 1 2 7 2 2 7 1 1 0 4 7 3 3 3 7 7 5 1 7 1 7 7 7 1 5 5 6
 3 4 4 7 4 4 0 7 4 0 4 7 3 2 4 4 2 6 4 3 7 0 7 1 2 7 7 2 1 3 3 0 5 1 3 2 2
 7 2 1 1 1 3 5 2 0 7 3 7 5 2 0 7 7 0 0 6 5 0 0 2 4 0 3 4 6 3 5 2 6 2 5 2 2
 4 0 6]
OBJ_RATE: 105.43085179958607
C_RATE: 59.981599726563154
INF_RATE: 1694


--------> Restriction: 20
--EXECUTION: 0
TIME: 2487.9457869529724

SOL: [0 0 1 7 4 1 6 2 0 4 0 1 1 7 4 4 1 3 6 7 0 7 6 3 7 1 2 1 6 6 4 7 7 6 7 7 0
 1 6 1 4 0 1 7 7 3 6 1 3 5 4 1 1 7 1 3 2 2 1 6 0 3 4 0 6 7 7 3 1 3 0 0 2 7
 4 5 1 5 0 0 1 3 3 5 2 1 0 1 2 0 4 4 1 5 0 2 4 7 4 2 0 3 1 1 5 1 1 3 5 6 4
 2 5 7 7 0 5 3 3 2 7 2 7 3 3 2 5 0 7 7 5 5 1 5 0 7 3 0 3 6 7 1 7 4 1 4 4 4
 2 4 0 5 3 4 4 0 2 5 5 4 5 6 3 1 2 5 1 5 1 3 7 5 0 5 1 0 1 7 4 6 5 5 5 0 3
 1 5 4 4 5 7 0 5 0 6 7 3 2 3 6 0 3 5 0 2 1 2 6 4 1 3 5 4 3 2 1 6 3 7 2 3 2
 7 6 6 2 7 2 4 4 3 6 6 0 7 3 2 2 7 6 7 2 2 2 0 1 4 1 2 5 3 2 4 3 6 4 7 4 7
 4 2 4 2 0 7 5 2 2 4 6 7 6 2 3 4 5 6 1 0 2 1 7 0 4 2 0 2 0 0 5 5 5 5 5 7 4
 0 6 2 7 6 5 4 5 2 3 7 2 4 4 5 1 1 4 3 3 6 3 7 3 1 6 5 3 3 6 6 2 6 0 5 0 4
 7 6 5]
OBJ_RATE: 106.81587508336017
C_RATE: 60.2129525031708
INF_RATE: 3474
--EXECUTION: 1
TIME: 2352.829570055008

SOL: [4 2 5 1 6 5 4 4 3 2 5 5 6 6 1 1 1 5 1 4 6 4 6 4 5 6 4 6 4 2 5 5 3 0 6 4 1
 1 6 7 4 4 1 7 0 1 3 2 1 6 1 1 1 4 7 1 1 5 7 7 6 3 2 5 6 2 1 4 1 7 6 2 7 4
 3 1 6 5 0 0 5 7 5 0 4 7 1 6 2 3 2 5 6 4 4 1 4 4 2 5 3 6 4 6 6 6 3 5 7 6 6
 5 7 7 2 4 7 3 4 7 7 5 4 6 4 1 0 7 6 6 1 6 2 1 5 7 7 0 7 0 1 0 5 7 2 1 3 0
 0 6 1 2 1 1 3 2 5 1 6 6 0 7 6 4 0 1 4 6 5 5 3 0 5 2 4 7 7 2 5 0 1 7 3 5 3
 0 0 2 7 4 0 3 4 3 2 7 4 5 0 3 0 4 3 7 7 0 0 4 4 7 3 0 0 7 2 5 5 2 0 1 7 1
 5 3 1 6 2 7 3 6 2 4 3 6 3 2 2 2 6 5 2 6 4 3 1 6 1 3 3 1 6 4 7 0 3 2 5 2 7
 1 2 0 5 6 2 4 3 3 2 2 7 2 6 6 6 5 1 7 3 6 5 3 2 5 7 3 2 7 1 1 2 3 3 5 0 2
 3 7 0 7 6 0 6 5 6 2 3 5 4 0 7 7 3 2 0 5 1 7 0 4 4 0 1 3 2 7 2 3 0 1 2 0 3
 7 7 0]
OBJ_RATE: 106.7464053441918
C_RATE: 60.30446004407216
INF_RATE: 3462
--EXECUTION: 2
TIME: 2349.6736340522766

SOL: [1 6 4 2 5 6 2 7 1 7 5 1 6 7 7 6 7 1 7 4 7 5 1 2 4 7 5 1 7 1 4 2 2 5 2 4 5
 2 1 5 3 6 4 7 7 3 7 5 2 2 7 4 3 4 6 4 5 5 0 6 6 0 6 4 7 6 0 3 3 2 5 1 4 6
 7 1 0 5 7 1 6 3 1 5 0 1 7 7 0 6 7 2 2 7 4 3 5 7 2 7 7 7 0 7 7 1 0 6 2 6 4
 7 3 3 5 0 2 2 6 2 7 6 4 5 5 5 1 0 5 1 7 1 1 7 4 5 1 6 2 2 7 7 3 2 5 0 6 5
 1 6 5 7 4 3 1 0 0 0 3 5 2 2 2 3 5 3 0 6 6 4 4 0 3 1 3 4 2 3 0 1 0 4 5 3 2
 5 0 3 1 1 1 2 5 2 4 3 0 3 1 0 5 5 5 2 7 3 0 3 1 6 2 7 3 0 5 5 5 6 3 0 6 5
 4 2 2 1 3 3 2 5 4 2 4 7 0 4 7 7 3 4 6 7 0 2 7 7 5 2 5 5 1 1 6 5 3 3 6 3 2
 6 1 4 2 0 4 3 4 5 6 4 3 6 2 6 1 0 6 6 6 3 7 4 1 6 6 6 2 5 6 0 5 5 7 4 0 0
 0 3 1 5 5 6 0 6 6 5 4 6 0 6 4 2 3 1 5 3 5 6 7 5 6 6 6 4 1 0 6 0 4 0 3 3 1
 0 6 5]
OBJ_RATE: 106.09185995306487
C_RATE: 60.414556733276484
INF_RATE: 3405
--EXECUTION: 3
TIME: 2318.1600110530853

SOL: [2 1 1 3 1 0 1 6 2 3 6 5 1 7 1 6 3 7 6 0 1 6 2 1 2 6 4 4 3 0 7 3 2 2 0 6 2
 1 0 5 7 2 2 6 2 6 2 2 5 4 2 1 2 6 3 6 0 7 7 0 2 3 3 3 6 0 3 1 6 5 4 7 1 1
 7 0 0 3 5 5 6 3 0 6 6 4 1 5 6 1 4 0 0 5 5 7 6 4 2 2 6 3 3 1 0 0 3 2 0 7 6
 0 3 5 6 0 3 3 0 2 1 3 3 0 5 0 1 4 4 0 2 2 6 4 5 0 2 2 6 2 6 0 6 5 1 2 4 3
 1 5 6 5 5 2 3 7 3 7 5 6 7 2 4 6 1 0 7 0 5 5 0 7 5 3 1 3 4 5 7 7 1 5 2 7 4
 6 6 3 7 0 3 6 5 2 7 1 7 4 7 7 7 0 2 6 1 7 4 3 2 0 4 2 4 4 2 7 5 4 7 7 5 6
 7 0 5 3 2 0 1 5 5 7 5 0 4 4 2 5 0 2 5 3 4 7 5 3 3 3 2 3 3 2 2 2 7 7 5 1 4
 0 4 4 5 5 1 0 4 2 5 5 2 4 2 7 1 5 4 1 3 3 5 1 2 5 3 3 4 1 7 1 2 3 0 0 7 0
 4 5 4 7 4 5 3 4 4 4 4 5 7 4 2 1 2 5 5 7 4 4 1 3 3 4 4 7 1 1 1 0 0 3 3 5 3
 5 1 7]
OBJ_RATE: 106.10605850009236
C_RATE: 59.93240866675562
INF_RATE: 3442
--EXECUTION: 4
TIME: 2328.611015558243

SOL: [5 3 4 5 6 2 7 1 0 0 3 3 4 1 5 6 6 4 4 3 3 5 6 5 3 4 1 5 6 0 0 6 7 6 0 6 4
 5 0 6 2 4 4 2 5 6 5 0 5 5 5 6 5 5 3 7 2 2 7 2 5 6 1 5 0 5 5 0 0 2 6 0 0 0
 5 7 7 0 3 7 7 3 5 2 3 0 3 0 3 2 3 4 4 0 5 6 4 2 5 1 7 1 3 3 5 7 7 5 5 5 0
 0 5 4 4 7 3 7 0 0 2 4 1 0 2 0 5 5 3 0 2 5 6 3 5 4 7 5 0 3 0 5 1 1 2 5 5 2
 3 0 7 7 2 1 1 4 6 7 3 7 2 5 0 3 2 5 6 5 4 4 3 6 7 1 5 7 7 6 1 7 3 7 6 2 1
 7 7 0 1 7 0 7 2 0 2 5 2 7 5 7 2 1 7 2 2 7 3 1 1 1 5 0 4 3 1 3 4 5 0 7 4 5
 5 3 1 4 0 7 4 4 4 3 5 4 7 1 1 0 6 7 4 4 1 1 3 1 4 1 6 3 1 0 4 7 7 0 3 6 7
 1 1 0 5 3 1 2 7 1 0 2 5 1 2 7 1 6 3 0 0 5 0 1 2 4 3 0 2 2 2 1 2 1 6 7 7 0
 3 4 6 1 4 3 6 1 3 7 4 4 3 2 1 2 3 0 7 0 4 5 6 5 5 4 2 7 7 3 7 6 4 1 5 1 4
 7 1 7]
OBJ_RATE: 106.38452600084747
C_RATE: 60.00965456742356
INF_RATE: 3457
