

------------------------------------  iris  ------------------------------------


--------> Restriction: 10
--EXECUTION: 0
TIME: 696.0160670280457

SOL: [2 1 0 2 2 2 2 2 1 2 1 0 2 2 0 1 0 1 1 2 2 0 0 2 1 2 0 1 1 2 2 1 2 0 2 1 0
 2 0 2 0 0 2 2 2 1 0 2 1 2 0 1 2 0 0 1 2 1 2 1 1 1 0 1 0 0 0 1 0 0 0 2 2 1
 0 0 1 0 0 1 2 2 1 1 1 1 2 0 1 2 2 1 1 2 1 2 2 1 1 1 0 1 1 0 0 0 2 0 0 0 0
 1 0 0 0 0 0 0 0 1 1 0 1 0 0 1 0 2 2 1 0 0 0 0 1 0 0 0 2 0 0 0 0 0 2 0 1 0
 1 0]
OBJ_RATE: 6.4143939283480105
C_RATE: 3.8391123630585384
INF_RATE: 406
--EXECUTION: 1
TIME: 702.933144569397

SOL: [2 0 2 1 0 0 0 0 0 2 0 2 2 2 2 2 0 1 0 0 0 2 2 0 0 0 1 2 0 0 0 2 1 2 2 2 0
 1 2 0 0 2 2 0 2 0 0 1 1 2 2 2 2 2 1 2 2 2 1 1 0 1 2 0 1 1 1 1 1 2 1 1 1 0
 1 1 2 2 2 1 0 2 0 0 2 1 2 1 1 1 1 1 1 1 2 1 0 1 0 2 0 0 0 2 2 2 1 0 0 2 1
 2 0 0 0 2 1 2 0 0 2 0 1 2 2 2 0 0 1 1 1 2 1 0 2 2 2 0 0 0 0 0 0 1 0 0 1 0
 2 1]
OBJ_RATE: 6.51644198940587
C_RATE: 3.896759017818303
INF_RATE: 413
--EXECUTION: 2
TIME: 711.1306321620941

SOL: [2 2 2 1 2 1 2 2 0 0 2 0 2 0 2 2 2 2 1 1 0 1 2 0 1 2 1 0 2 2 2 0 1 2 0 2 2
 2 0 2 2 2 2 2 1 1 0 2 1 0 1 0 0 0 1 2 1 1 1 0 1 2 2 0 0 1 1 2 1 1 0 0 0 1
 1 2 0 0 0 0 1 0 0 1 0 1 2 0 1 1 2 2 1 1 2 1 1 0 1 1 2 2 0 0 0 1 0 0 2 2 1
 0 0 1 0 2 0 0 1 2 2 1 1 1 0 0 0 2 0 0 0 1 0 1 0 0 0 0 1 0 0 0 1 2 0 0 2 1
 1 2]
OBJ_RATE: 6.384814091194032
C_RATE: 3.8793061643729945
INF_RATE: 395
--EXECUTION: 3
TIME: 730.4305603504181

SOL: [2 2 2 0 0 1 2 1 1 2 1 1 1 0 0 0 2 2 0 0 2 1 1 1 2 2 1 0 1 2 2 2 0 0 0 2 1
 0 1 2 2 0 0 1 0 2 1 1 2 2 0 0 0 1 1 1 1 1 0 2 2 0 2 2 1 1 1 1 2 2 2 0 1 2
 2 0 0 0 2 2 2 1 2 1 1 0 1 1 1 1 1 1 2 2 2 0 1 1 1 2 1 1 1 0 0 0 0 2 2 0 1
 2 0 0 0 2 2 2 1 2 0 1 1 1 0 2 0 1 2 0 0 2 0 2 1 0 2 1 0 0 2 2 2 1 0 1 2 2
 2 0]
OBJ_RATE: 6.536072057695435
C_RATE: 3.910046028065283
INF_RATE: 414
--EXECUTION: 4
TIME: 747.8485853672028

SOL: [0 1 2 1 2 2 2 2 2 0 2 0 2 2 2 1 0 2 0 1 2 0 0 0 0 2 2 1 0 1 2 2 2 0 2 1 2
 0 1 1 1 1 1 2 2 1 0 0 0 1 1 1 0 0 2 2 0 2 1 0 2 2 2 2 1 1 0 0 0 0 0 0 2 0
 0 2 1 1 1 1 1 2 1 2 0 0 1 1 2 0 2 2 2 2 2 1 2 0 0 2 1 1 0 1 0 1 0 0 1 0 0
 1 2 1 1 0 2 1 1 1 0 1 0 0 0 1 1 1 1 1 0 0 1 1 2 1 1 0 1 1 0 1 1 0 0 1 2 0
 1 2]
OBJ_RATE: 6.286794838990342
C_RATE: 3.876432782808077
INF_RATE: 380


--------> Restriction: 20
--EXECUTION: 0
TIME: 1014.9082083702087

SOL: [1 2 1 2 2 1 0 1 1 1 1 0 2 0 0 2 2 0 0 2 2 0 2 2 2 2 0 0 1 2 2 0 1 0 1 2 2
 2 1 1 1 1 2 2 1 0 1 2 2 1 0 2 1 0 1 1 2 2 1 1 0 0 1 0 1 0 2 0 0 1 2 1 1 1
 0 0 1 0 0 1 0 2 0 1 0 0 2 2 1 0 0 2 2 1 1 0 1 0 0 2 1 0 2 0 0 2 1 0 2 0 2
 0 2 2 2 0 2 2 1 2 1 1 1 1 2 1 1 1 1 0 1 2 2 2 2 2 0 2 2 2 1 1 1 1 1 0 1 2
 2 0]
OBJ_RATE: 6.694409450834446
C_RATE: 3.904712657304575
INF_RATE: 880
--EXECUTION: 1
TIME: 962.6548173427582

SOL: [0 1 0 2 1 0 2 0 2 2 2 2 0 2 2 1 2 2 2 2 1 2 1 1 0 0 1 0 0 1 2 2 1 2 0 2 1
 1 0 1 1 2 2 0 0 0 1 2 2 1 0 0 2 1 0 0 2 1 0 0 2 1 1 1 0 2 0 0 2 2 0 1 2 2
 0 0 0 0 2 1 1 2 2 0 0 1 0 2 0 0 2 1 0 0 0 1 1 0 2 0 0 2 2 2 0 1 0 0 0 0 1
 1 1 2 1 1 2 0 2 0 1 1 1 1 1 1 1 2 1 1 1 1 1 0 1 2 1 1 2 1 1 1 2 2 1 2 1 0
 1 2]
OBJ_RATE: 6.650193325019162
C_RATE: 3.8953677414084145
INF_RATE: 869
--EXECUTION: 2
TIME: 951.7483494281769

SOL: [1 2 0 1 1 1 0 1 1 1 1 1 1 0 0 1 1 2 0 1 2 2 0 1 0 1 0 1 0 1 2 0 1 1 2 1 2
 1 1 2 1 1 0 2 1 1 2 2 1 2 1 0 2 2 0 0 1 1 2 2 2 2 0 1 1 1 2 1 0 2 2 1 0 1
 2 2 1 2 2 1 1 1 0 0 2 0 1 2 0 0 1 0 0 1 0 1 0 2 2 0 0 1 1 1 0 2 0 0 0 0 2
 0 2 0 0 1 0 2 0 2 2 2 0 0 2 0 2 0 0 2 0 0 0 0 0 2 0 1 2 2 0 0 0 2 2 2 0 1
 2 2]
OBJ_RATE: 6.442530049487152
C_RATE: 3.871570845449965
INF_RATE: 811
--EXECUTION: 3
TIME: 930.2661955356598

SOL: [2 1 0 2 0 0 0 2 0 0 1 2 1 2 0 0 0 2 2 0 0 0 2 1 0 0 0 0 0 0 1 0 0 2 0 2 2
 0 1 0 0 2 1 1 1 2 0 2 1 1 2 1 1 0 1 1 2 2 0 1 0 1 2 2 0 2 1 1 2 1 1 2 1 1
 2 2 2 2 1 0 2 0 1 0 1 0 0 2 2 2 1 2 2 0 2 1 1 1 2 2 1 1 0 1 1 1 0 1 0 1 1
 0 0 1 0 2 1 1 1 0 1 1 1 1 1 1 2 1 1 2 1 0 0 1 0 0 2 1 1 0 0 1 2 0 1 1 0 2
 0 1]
OBJ_RATE: 6.412375129706712
C_RATE: 3.879457245581296
INF_RATE: 799
--EXECUTION: 4
TIME: 919.7147812843323

SOL: [0 2 0 0 1 1 2 1 1 2 2 1 1 2 0 0 1 2 1 2 0 2 1 1 0 1 1 1 0 1 2 1 1 1 1 2 1
 2 2 0 0 1 2 0 2 2 0 2 2 1 0 2 2 1 1 2 2 1 2 2 0 2 1 1 2 2 2 1 1 0 2 0 0 1
 0 2 1 2 2 2 0 1 1 2 2 2 0 1 1 1 0 1 2 1 1 2 2 2 0 2 2 0 1 0 0 0 2 0 1 0 1
 0 0 0 2 2 0 2 0 0 2 2 0 2 0 0 0 1 0 1 0 0 1 0 0 1 2 2 0 0 1 2 2 0 2 1 2 0
 1 2]
OBJ_RATE: 6.62088077661358
C_RATE: 3.9040965129146046
INF_RATE: 857
