

------------------------------------  rand  ------------------------------------


--------> Restriction: 10
--EXECUTION: 0
TIME: 692.8694849014282

SOL: [1 0 2 2 0 1 0 1 1 2 2 2 0 2 2 1 2 1 0 0 0 1 0 2 2 2 1 1 2 0 0 0 1 1 2 2 0
 1 0 2 0 1 1 2 1 2 0 0 2 0 2 1 2 0 0 1 2 0 2 0 0 2 0 0 0 0 0 0 1 0 0 0 0 2
 2 2 0 2 1 0 0 1 0 1 2 0 2 0 2 0 1 0 1 1 0 2 2 0 0 0 1 0 2 1 2 2 1 0 2 1 0
 0 2 0 1 2 2 1 0 1 1 1 0 0 0 2 0 0 0 2 1 2 2 2 2 1 2 0 2 1 0 0 0 1 0 1 2 1
 1 1]
OBJ_RATE: 5.838099662635977
C_RATE: 2.9107644314604855
INF_RATE: 406
--EXECUTION: 1
TIME: 699.9571068286896

SOL: [2 1 0 2 2 1 2 0 1 2 2 0 1 2 0 2 2 1 1 1 1 0 1 1 1 1 2 1 1 1 1 1 0 2 2 0 1
 1 1 0 0 1 2 2 2 1 2 2 2 2 0 1 1 0 2 0 0 1 2 2 0 0 0 0 1 0 0 2 1 2 0 0 0 2
 1 0 0 1 0 1 0 2 1 0 0 0 0 1 0 0 2 1 1 1 0 1 1 1 1 0 1 1 0 2 2 1 1 1 2 0 2
 0 1 2 0 0 0 0 1 0 2 1 1 2 0 0 0 2 2 0 2 0 1 1 2 2 1 0 2 1 2 1 2 2 2 0 2 1
 2 0]
OBJ_RATE: 5.979411142701334
C_RATE: 2.9222925761535308
INF_RATE: 424
--EXECUTION: 2
TIME: 707.2958219051361

SOL: [2 2 2 2 1 2 0 2 2 1 0 1 2 0 2 0 0 0 2 1 1 1 2 0 0 0 2 1 2 2 2 2 2 0 2 0 0
 1 1 2 1 2 2 2 0 1 1 1 2 2 1 0 0 1 0 0 0 1 0 0 1 0 0 1 2 1 1 0 1 1 2 2 1 1
 1 2 1 1 0 2 1 2 1 0 1 2 2 1 2 1 0 1 1 1 1 0 1 0 1 0 0 2 0 0 0 1 1 1 1 1 0
 0 2 1 1 0 2 0 2 0 0 1 1 1 0 2 0 0 0 0 2 1 0 1 1 0 0 1 0 0 1 0 1 0 0 0 1 2
 0 2]
OBJ_RATE: 5.8393903228024735
C_RATE: 2.8615837945377494
INF_RATE: 413
--EXECUTION: 3
TIME: 731.0325045585632

SOL: [1 0 2 1 1 1 0 0 1 2 0 1 1 1 1 0 2 0 1 2 1 1 1 0 0 2 0 1 1 0 0 0 0 1 1 0 0
 0 0 1 0 0 0 1 2 1 2 2 1 1 1 2 1 0 2 2 0 2 1 2 1 1 1 2 1 0 2 0 1 0 2 1 2 1
 1 2 2 1 2 1 1 2 0 1 2 1 1 2 2 1 0 2 1 0 0 0 0 1 0 2 0 1 0 0 2 2 0 2 2 0 0
 2 2 0 2 0 0 1 2 2 2 2 2 2 0 1 2 2 2 2 0 0 2 0 1 0 1 0 0 2 1 2 0 1 0 2 2 0
 2 2]
OBJ_RATE: 5.773096442065338
C_RATE: 2.852971396188309
INF_RATE: 405
--EXECUTION: 4
TIME: 744.5489220619202

SOL: [1 2 1 2 1 2 2 0 2 1 2 1 1 0 0 2 2 2 2 0 2 0 2 1 0 0 2 2 0 0 0 2 2 1 1 0 2
 0 2 2 0 2 1 2 1 2 2 1 2 1 0 1 0 1 0 0 0 0 0 0 1 0 0 0 0 0 1 0 1 1 1 2 1 0
 0 0 2 0 1 0 1 1 0 0 0 1 0 0 0 0 2 0 0 0 2 1 0 0 0 0 2 0 2 1 0 2 1 1 0 2 0
 1 2 1 1 0 2 2 2 1 2 2 0 1 0 0 0 1 1 2 1 2 2 2 1 0 0 1 1 2 2 1 0 0 1 1 1 2
 0 2]
OBJ_RATE: 5.785106914647992
C_RATE: 2.89382260996481
INF_RATE: 401


--------> Restriction: 20
--EXECUTION: 0
TIME: 1014.8897485733032

SOL: [2 1 1 0 2 1 2 1 0 2 2 2 2 1 2 2 1 1 1 1 1 1 0 1 0 2 2 1 1 1 1 2 0 2 1 0 0
 1 1 2 2 1 2 1 0 1 2 1 1 1 1 0 2 0 2 0 0 0 0 2 0 2 0 0 1 1 2 0 0 2 0 2 2 2
 0 1 0 0 2 2 2 2 2 2 0 0 0 0 2 1 0 0 2 1 2 0 2 2 1 1 0 1 0 0 2 0 1 1 0 1 1
 1 2 0 1 2 2 0 0 0 0 2 2 0 0 0 2 0 2 2 1 2 2 1 1 0 0 2 1 2 0 1 0 0 2 0 2 1
 1 1]
OBJ_RATE: 5.972558771260118
C_RATE: 2.8951871652028096
INF_RATE: 854
--EXECUTION: 1
TIME: 963.9688200950623

SOL: [0 2 2 2 2 2 0 0 0 2 1 2 0 0 1 2 0 2 0 0 2 0 0 0 1 0 1 0 0 2 0 2 0 2 2 0 2
 2 2 2 1 1 0 2 2 1 1 2 1 2 1 1 1 1 0 1 2 1 2 1 1 0 1 2 0 1 1 0 1 1 1 1 2 0
 1 2 0 0 1 1 1 1 1 2 1 2 0 1 1 0 1 1 1 2 0 1 2 0 2 1 1 1 1 0 0 1 1 0 1 0 0
 2 2 1 2 2 2 0 2 0 1 0 0 1 1 0 1 0 1 0 2 0 1 0 1 1 0 0 0 1 0 1 0 0 0 0 0 0
 1 0]
OBJ_RATE: 5.989544584008554
C_RATE: 2.843706864935919
INF_RATE: 873
--EXECUTION: 2
TIME: 945.4681475162506

SOL: [1 1 0 0 1 0 1 1 1 2 2 1 0 1 1 2 0 0 2 1 2 0 1 0 2 1 1 1 0 2 0 0 1 0 0 0 2
 1 1 1 1 2 0 0 1 2 1 1 1 0 0 0 0 1 0 0 0 0 2 1 1 0 2 0 1 1 2 1 1 1 0 0 2 1
 1 1 1 1 2 1 2 2 1 1 2 1 0 0 1 1 2 1 1 1 0 2 1 0 2 0 2 2 2 2 2 2 0 0 0 2 2
 1 1 2 0 1 2 1 0 0 1 2 0 0 1 0 0 2 0 2 0 2 2 2 0 2 2 0 2 2 0 0 0 0 0 0 2 2
 2 2]
OBJ_RATE: 6.014111661055178
C_RATE: 2.853860023453001
INF_RATE: 877
--EXECUTION: 3
TIME: 929.4553642272949

SOL: [2 2 2 0 0 2 0 2 2 2 0 2 1 2 0 2 2 0 0 2 2 2 2 2 0 2 2 1 0 0 2 2 2 2 0 2 2
 2 1 0 1 0 0 2 0 0 2 1 2 2 0 0 1 2 2 0 1 1 2 0 0 0 2 0 1 0 0 2 2 0 2 1 0 0
 0 1 1 1 0 0 2 1 1 1 2 0 2 1 0 0 2 2 1 1 0 2 2 1 2 2 2 0 2 0 1 0 1 0 1 2 0
 0 1 0 0 1 1 0 2 0 2 2 1 0 1 1 1 0 2 0 1 1 0 1 1 2 1 2 0 1 1 1 1 1 1 0 1 2
 1 1]
OBJ_RATE: 5.891802625076291
C_RATE: 2.8288449375485247
INF_RATE: 850
--EXECUTION: 4
TIME: 923.2991609573364

SOL: [2 1 0 0 1 2 0 0 1 0 0 0 0 2 0 0 1 0 1 2 2 0 1 1 2 1 1 2 0 0 1 2 0 0 1 0 0
 0 2 0 0 1 0 1 0 0 1 0 1 0 1 2 0 1 1 0 0 0 0 1 0 0 2 0 1 1 2 1 0 1 1 2 0 1
 1 0 1 0 1 2 0 1 1 2 1 0 0 0 2 2 0 0 0 0 1 0 0 2 2 0 2 2 2 1 2 2 2 2 2 2 1
 2 1 1 1 1 1 2 0 0 0 0 2 1 1 2 1 2 1 1 2 2 2 1 2 1 1 0 2 2 1 0 2 2 2 1 2 1
 1 2]
OBJ_RATE: 6.009500301446849
C_RATE: 2.816817347153201
INF_RATE: 886
