

------------------------------------  ecoli  ------------------------------------


--------> Restriction: 10
3361,3360,13,27.1648812464189,108.11073451120211
5579,2218,336,0.02973042648348742,89.30309780442204
8939,3360,217,0.014873352263262241,74.34231858213437
12299,3360,94,0.009917378167579373,63.52177602047257
15659,3360,51,0.007438712558576359,56.67534451623748
19019,3360,12,0.005951295982246274,54.50805007248778
22379,3360,9,0.004959594410282345,53.84028990083377
25739,3360,1,0.004251191802535782,53.815404212134226
29099,3360,0,0.003719865595170477,53.815404212134226
32459,3360,0,0.0033065975061640556,53.815404212134226
35819,3360,0,0.0029759739800687577,53.815404212134226
39179,3360,0,0.002705457835426594,53.815404212134226
42539,3360,0,0.002480023598753318,53.815404212134226
45899,3360,0,0.0022892686295619396,53.815404212134226
49259,3360,0,0.002125762237776367,53.815404212134226
52619,3360,0,0.0019840551059490514,53.815404212134226
55979,3360,0,0.0018600601527115916,53.815404212134226
59339,3360,0,0.0017506519009249436,53.815404212134226
62699,3360,0,0.0016533993816513646,53.815404212134226
66059,3360,0,0.0015663833793769081,53.815404212134226
69419,3360,0,0.0014880685006638265,53.815404212134226
72779,3360,0,0.0014172117927096382,53.815404212134226
76139,3360,0,0.0013527962828762446,53.815404212134226
79499,3360,0,0.0012939818549073312,53.815404212134226
82859,3360,0,0.0012400684055307938,53.815404212134226
86219,3360,0,0.0011904678430890777,53.815404212134226
89579,3360,0,0.0011446825477517601,53.815404212134226
92939,3360,0,0.0011022886181533296,53.815404212134226
96299,3360,0,0.0010629227078966833,53.815404212134226
99659,3360,0,0.001026271585435768,53.815404212134226
TIME: 1701.5158152580261

OBJ_RATE: 53.815404212134226
C_RATE: 52.661733704967766
INF_RATE: 43
