

------------------------------------  ecoli  ------------------------------------


--------> Restriction: 10
3361,3360,1,26.86220859540826,107.69709335896854
6721,3360,5,24.175987735867434,107.38858271279469
10081,3360,0,21.75838896228069,107.38858271279469
13441,3360,3,19.582550066052622,107.09113517673288
16801,3360,0,17.62429505944736,107.09113517673288
20161,3360,0,15.861865553502623,107.09113517673288
23521,3360,0,14.275678998152362,107.09113517673288
26881,3360,0,12.848111098337126,107.09113517673288
30241,3360,0,11.563299988503413,107.09113517673288
33601,3360,0,10.406969989653073,107.09113517673288
36961,3360,0,9.366272990687765,107.09113517673288
40321,3360,0,8.429645691618989,107.09113517673288
43681,3360,0,7.58668112245709,107.09113517673288
47041,3360,0,6.828013010211381,107.09113517673288
50401,3360,0,6.145211709190243,107.09113517673288
53761,3360,0,5.530690538271219,107.09113517673288
57121,3360,0,4.9776214844440965,107.09113517673288
60481,3360,1,4.479859335999687,107.07062120050844
63841,3360,0,4.031873402399718,107.07062120050844
67201,3360,0,3.6286860621597463,107.07062120050844
70561,3360,0,3.265817455943772,107.07062120050844
73921,3360,0,2.939235710349395,107.07062120050844
77281,3360,0,2.6453121393144556,107.07062120050844
80641,3360,0,2.3807809253830103,107.07062120050844
84001,3360,0,2.1427028328447095,107.07062120050844
87361,3360,0,1.9284325495602386,107.07062120050844
90721,3360,0,1.7355892946042148,107.07062120050844
94081,3360,3,1.5620303651437935,106.74846466750179
97441,3360,0,1.405827328629414,106.74846466750179
100801,3360,0,1.2652445957664726,106.74846466750179
TIME: 1650.6215589046478

OBJ_RATE: 106.74846466750179
C_RATE: 60.06505344727755
INF_RATE: 1740
