

------------------------------------  iris  ------------------------------------
SEED: 0

--------> Restriction: 10
3.9070011177940525, 4.927904704466242, 591, 0.8
3.858541774690452, 4.618563856946738, 1147, 0.8
3.803009638552583, 4.576854011936263, 1737, 0.8
3.803009638552583, 4.527453622748377, 2201, 0.8
3.803009638552583, 4.490781684987792, 2663, 0.8
3.803009638552583, 4.574391018353632, 3180, 0.8
3.803009638552583, 4.773751084101151, 3736, 0.8
3.803009638552583, 4.989010576631539, 4342, 0.8
3.803009638552583, 4.989767503321197, 4978, 0.8
3.803009638552583, 4.815978805403242, 5555, 0.8
3.803009638552583, 4.5489550111211825, 6102, 0.8
3.803009638552583, 4.52707994983426, 6588, 0.8
3.803009638552583, 4.542993810736152, 7091, 0.8
3.803009638552583, 4.290047168992963, 7602, 0.8
3.803009638552583, 4.388934148941806, 8107, 0.8
3.803009638552583, 4.488273652205873, 8570, 0.8
3.803009638552583, 4.427485592315771, 9087, 0.8
3.803009638552583, 4.590831501641467, 9603, 0.8
3.803009638552583, 4.643762552433667, 10098, 0.8
3.803009638552583, 4.360419079858262, 10585, 0.8
3.803009638552583, 4.564791657137905, 11064, 0.8
3.803009638552583, 4.472832096377909, 11514, 0.8
3.803009638552583, 4.450871028623537, 11966, 0.8
3.803009638552583, 4.454281812378772, 12386, 0.8
3.803009638552583, 4.4114789040684315, 12754, 0.8
3.803009638552583, 4.288916037405977, 13114, 0.8
3.803009638552583, 4.308865318522806, 13499, 0.8
3.747743645111588, 4.480288267169522, 13899, 0.8
3.747743645111588, 4.549871204539113, 14449, 0.8
3.747743645111588, 4.415086166095586, 15050, 0.8
3.747743645111588, 4.459231251026747, 15651, 0.8
3.747743645111588, 4.4729301734492415, 16223, 0.8
3.747743645111588, 4.548335199457596, 16825, 0.8
3.747743645111588, 4.466688788750724, 17415, 0.8
3.747743645111588, 4.375631478629146, 18031, 0.8
3.747743645111588, 4.329521767810161, 18665, 0.8
3.747743645111588, 4.466382199587796, 19288, 0.8
3.747743645111588, 4.494023673982423, 19902, 0.8
3.747743645111588, 4.500572506324008, 20511, 0.8
3.747743645111588, 4.451125069240396, 21136, 0.8
3.747743645111588, 4.564416517766381, 21797, 0.8
3.747743645111588, 4.722714638265694, 22488, 0.8
3.747743645111588, 4.397859029892277, 23169, 0.8
3.747743645111588, 4.481352077242435, 23823, 0.8
3.747743645111588, 4.409558315863182, 24463, 0.8
3.747743645111588, 4.489967941622688, 25084, 0.8
3.747743645111588, 4.3022144819948815, 25745, 0.8
3.747743645111588, 4.523254426674783, 26388, 0.8
3.747743645111588, 4.301760884631939, 27022, 0.8
3.747743645111588, 4.503635933404473, 27657, 0.8
3.747743645111588, 4.435312169439102, 28289, 0.8
3.747743645111588, 4.32666191183094, 28906, 0.8
3.747743645111588, 4.420242584690076, 29533, 0.8
3.747743645111588, 4.389160207554682, 30146, 0.8
3.747743645111588, 4.238953428915935, 30773, 0.8
3.747743645111588, 4.470467407882095, 31406, 0.8
3.747743645111588, 4.30552237951741, 32038, 0.8
3.747743645111588, 4.416339631202174, 32644, 0.8
3.747743645111588, 4.441667403199398, 33274, 0.8
3.747743645111588, 4.197258374142681, 33910, 0.8
3.747743645111588, 4.368234160841907, 34544, 0.8
3.747743645111588, 4.280934973824471, 35187, 0.8
3.747743645111588, 4.345918359432139, 35805, 0.8
3.747743645111588, 4.234901789946388, 36399, 0.8
3.747743645111588, 4.380212953873255, 37021, 0.8
3.747743645111588, 4.217590354082013, 37638, 0.8
3.747743645111588, 4.450753166910408, 38259, 0.8
3.747743645111588, 4.251480791498242, 38875, 0.8
3.747743645111588, 4.347140070669113, 39481, 0.8
3.747743645111588, 4.202633807860409, 40137, 0.8
3.747743645111588, 4.270027879504982, 40775, 0.8
3.747743645111588, 4.273787879835304, 41399, 0.8
3.747743645111588, 4.261710826674558, 41994, 0.8
3.747743645111588, 4.221835881313678, 42602, 0.8
3.747743645111588, 4.303733657204725, 43261, 0.8
3.747743645111588, 4.300419546373668, 43870, 0.8
3.747743645111588, 4.237038519330296, 44510, 0.8
3.747743645111588, 4.352925845381718, 45152, 0.8
3.747743645111588, 4.3051725566886745, 45781, 0.8
3.747743645111588, 4.257677047509826, 46416, 0.8
3.747743645111588, 4.3251502868730185, 47043, 0.8
3.747743645111588, 4.271968774902302, 47700, 0.8
3.747743645111588, 4.278392214216165, 48324, 0.8
3.747743645111588, 4.342849098520129, 48948, 0.8
3.747743645111588, 4.216054418336967, 49547, 0.8
3.747743645111588, 4.31080111171728, 50162, 0.8
3.747743645111588, 4.221186158186458, 50778, 0.8
3.747743645111588, 4.331262819806515, 51382, 0.8
3.747743645111588, 4.471012554055449, 51988, 0.8
3.747743645111588, 4.174522962694456, 52610, 0.8
3.747743645111588, 4.247886659563406, 53233, 0.8
3.747743645111588, 4.305241781106544, 53864, 0.8
3.747743645111588, 4.165756171458051, 54493, 0.8
3.747743645111588, 4.307038734181657, 55112, 0.8
3.747743645111588, 4.26251306769565, 55687, 0.8
3.747743645111588, 4.180892668565899, 56277, 0.8
3.747743645111588, 4.296483846518731, 56858, 0.8
3.747743645111588, 4.262770130318569, 57434, 0.8
3.747743645111588, 4.2215665482711735, 57998, 0.8
3.747743645111588, 4.229849762350346, 58563, 0.8
3.747743645111588, 4.247384443340182, 59130, 0.8
3.747743645111588, 4.16246267057284, 59701, 0.8
3.747743645111588, 4.166892113355875, 60269, 0.8
3.747743645111588, 4.255963997989292, 60852, 0.8
3.747743645111588, 4.143101198610076, 61414, 0.8
3.747743645111588, 4.152687845854602, 61986, 0.8
3.747743645111588, 4.1942926469878214, 62569, 0.8
3.747743645111588, 4.294242214088452, 63109, 0.8
3.747743645111588, 4.151375463405745, 63670, 0.8
3.747743645111588, 4.221436877868942, 64244, 0.8
3.747743645111588, 4.257041951669875, 64797, 0.8
3.747743645111588, 4.1819608257871455, 65372, 0.8
3.747743645111588, 4.234508974971273, 65918, 0.8
3.747743645111588, 4.199990234136266, 66483, 0.8
3.747743645111588, 4.087194274409151, 67024, 0.8
3.747743645111588, 4.174167458817746, 67576, 0.8
3.747743645111588, 4.215314682000652, 68126, 0.8
3.747743645111588, 4.197269839157613, 68687, 0.8
3.747743645111588, 4.17643342353302, 69274, 0.8
3.747743645111588, 4.119113488343429, 69875, 0.8
3.747743645111588, 4.167890375276335, 70452, 0.8
3.747743645111588, 4.190355435938134, 71019, 0.8
3.747743645111588, 4.220468948524856, 71588, 0.8
3.747743645111588, 4.219390131953403, 72149, 0.8
3.747743645111588, 4.142800061212839, 72679, 0.8
3.747743645111588, 4.202831307755772, 73216, 0.8
3.747743645111588, 4.171287618522379, 73771, 0.8
3.747743645111588, 4.088665568728011, 74313, 0.8
3.747743645111588, 4.119404136453426, 74836, 0.8
3.747743645111588, 4.271976543772727, 75391, 0.8
3.747743645111588, 4.098933289931169, 75942, 0.8
3.747743645111588, 4.1313871797059285, 76452, 0.8
3.747743645111588, 4.111137456727792, 76981, 0.8
3.747743645111588, 4.121281619318097, 77503, 0.8
3.747743645111588, 4.057009275191334, 78028, 0.8
3.747743645111588, 4.177184618501733, 78552, 0.8
3.747743645111588, 4.219084522403768, 79052, 0.8
3.747743645111588, 4.065985746301036, 79565, 0.8
3.747743645111588, 4.11980184038554, 80083, 0.8
3.747743645111588, 4.080977384525014, 80608, 0.8
3.747743645111588, 4.1469084186146565, 81117, 0.8
3.747743645111588, 4.138372928206889, 81630, 0.8
3.747743645111588, 4.1845022811315, 82144, 0.8
3.747743645111588, 4.2239333549128855, 82669, 0.8
3.747743645111588, 4.14019133529024, 83201, 0.8
3.747743645111588, 4.136138839341378, 83721, 0.8
3.747743645111588, 4.105662859946637, 84239, 0.8
3.747743645111588, 4.156230564668736, 84748, 0.8
3.747743645111588, 4.086889066543997, 85279, 0.8
3.747743645111588, 4.132785511075903, 85808, 0.8
3.747743645111588, 4.133861687155302, 86322, 0.8
3.747743645111588, 4.106886487608564, 86852, 0.8
3.747743645111588, 4.135072643020362, 87363, 0.8
3.747743645111588, 4.157759055666232, 87878, 0.8
3.747743645111588, 4.104376332234712, 88401, 0.8
3.747743645111588, 4.158941883024259, 88914, 0.8
3.747743645111588, 4.113702644224875, 89419, 0.8
3.747743645111588, 4.086513088945997, 89905, 0.8
3.747743645111588, 4.096665057661662, 90394, 0.8
3.747743645111588, 4.114038039259402, 90883, 0.8
3.747743645111588, 4.064977834100939, 91345, 0.8
3.747743645111588, 4.103589349185567, 91825, 0.8
3.747743645111588, 4.1266004274111845, 92324, 0.8
3.747743645111588, 4.015968532420308, 92831, 0.8
3.747743645111588, 4.143387982014214, 93330, 0.8
3.747743645111588, 4.0828138782143135, 93816, 0.8
3.747743645111588, 4.142852375056475, 94303, 0.8
3.747743645111588, 4.075722778199233, 94776, 0.8
3.747743645111588, 4.015478571825496, 95232, 0.8
3.747743645111588, 4.069469944749565, 95662, 0.8
3.747743645111588, 4.11567167083772, 96108, 0.8
3.747743645111588, 4.064906533255581, 96552, 0.8
3.747743645111588, 4.037315896583208, 96986, 0.8
3.747743645111588, 4.047463840145341, 97427, 0.8
3.747743645111588, 4.136954326037345, 97870, 0.8
3.747743645111588, 4.070307745945093, 98315, 0.8
3.747743645111588, 4.088281892747543, 98743, 0.8
3.747743645111588, 4.0480046657969755, 99187, 0.8
3.747743645111588, 4.051993230491867, 99624, 0.8
3.747743645111588, 4.0821995529216935, 100046, 0.8
TIME: 2351.3831753730774

