

------------------------------------  rand  ------------------------------------
SEED: 0

--------> Restriction: 10
2.3440138751856883, 2.624856904173335, 398, 0.997
2.3440138751856883, 2.4857645769831027, 500, 0.994009
2.3440138751856883, 2.486416813180821, 526, 0.991026973
2.3440138751856883, 2.5129529391164884, 545, 0.988053892081
2.3440138751856883, 2.5077034486192433, 550, 0.985089730404757
2.3440138751856883, 2.4806299463588535, 554, 0.9821344612135428
2.3440138751856883, 2.5167302365355826, 557, 0.9791880578299021
2.3440138751856883, 2.5065003231642224, 559, 0.9762504936564125
2.3440138751856883, 2.4833967432913138, 563, 0.9733217421754432
2.3440138751856883, 2.492510382696909, 566, 0.9704017769489168
2.3440138751856883, 2.4395192208367638, 5569, 0.9674905716180701
2.3440138751856883, 2.4389982579284095, 5576, 0.9645880999032158
2.3440138751856883, 2.4432470767985635, 5582, 0.9616943356035061
2.3440138751856883, 2.439974550237245, 5587, 0.9588092525966956
2.3440138751856883, 2.437525839591182, 5594, 0.9559328248389055
2.3440138751856883, 2.437113931633554, 5596, 0.9530650263643888
2.3440138751856883, 2.4374407836321006, 5598, 0.9502058312852957
2.3440138751856883, 2.4366918849792314, 5600, 0.9473552137914398
2.3440138751856883, 2.4357598994611136, 5601, 0.9445131481500655
2.3440138751856883, 2.4357598994611136, 5602, 0.9416796087056153
2.3440138751856883, 2.4355223281758374, 5603, 0.9388545698794984
2.3440138751856883, 2.406348541541868, 10604, 0.93603800616986
2.3440138751856883, 2.406348541541868, 10604, 0.9332298921513504
2.3440138751856883, 2.406348541541868, 10604, 0.9304302024748964
2.3440138751856883, 2.406348541541868, 10604, 0.9276389118674717
2.3440138751856883, 2.406348541541868, 10604, 0.9248559951318693
2.3440138751856883, 2.406348541541868, 10604, 0.9220814271464737
2.3440138751856883, 2.406348541541868, 10604, 0.9193151828650342
2.3440138751856883, 2.406348541541868, 10604, 0.9165572373164391
2.3440138751856883, 2.406348541541868, 10604, 0.9138075656044898
2.3440138751856883, 2.406348541541868, 10604, 0.9110661429076764
2.3440138751856883, 2.406348541541868, 10604, 0.9083329444789534
2.3440138751856883, 2.3943814412275897, 15604, 0.9056079456455165
2.3440138751856883, 2.3943814412275897, 15604, 0.90289112180858
2.3440138751856883, 2.3943814412275897, 15604, 0.9001824484431542
2.3440138751856883, 2.3943814412275897, 15604, 0.8974819010978248
2.3440138751856883, 2.3943814412275897, 15604, 0.8947894553945313
2.3440138751856883, 2.3943814412275897, 15604, 0.8921050870283477
2.3440138751856883, 2.3943814412275897, 15604, 0.8894287717672626
2.3440138751856883, 2.3943814412275897, 15604, 0.8867604854519608
2.3440138751856883, 2.3943814412275897, 15604, 0.884100203995605
2.3440138751856883, 2.3943814412275897, 15604, 0.8814479033836181
2.3440138751856883, 2.3943814412275897, 15604, 0.8788035596734672
2.3440138751856883, 2.3785099444187034, 20604, 0.8761671489944468
2.3440138751856883, 2.3819144238832446, 20605, 0.8735386475474635
2.3440138751856883, 2.3794521075661312, 20607, 0.8709180316048211
2.3440138751856883, 2.379689678851408, 20608, 0.8683052775100066
2.3440138751856883, 2.3794521075661312, 20609, 0.8657003616774767
2.3440138751856883, 2.3794521075661312, 20610, 0.8631032605924442
2.3440138751856883, 2.3785099444187034, 20611, 0.860513950810667
2.3440138751856883, 2.3785099444187034, 20612, 0.857932408958235
2.3440138751856883, 2.3785099444187034, 20613, 0.8553586117313603
2.3440138751856883, 2.380209756411898, 20615, 0.8527925358961662
2.3440138751856883, 2.3794521075661312, 20616, 0.8502341582884777
2.3440138751856883, 2.3728417952972847, 25617, 0.8476834558136123
2.3440138751856883, 2.374953515248107, 25618, 0.8451404054461714
2.3440138751856883, 2.3737839584447125, 25621, 0.8426049842298329
2.3440138751856883, 2.374541607290479, 25623, 0.8400771692771434
2.3440138751856883, 2.374541607290479, 25625, 0.837556937769312
2.3440138751856883, 2.3728417952972847, 25627, 0.835044266956004
2.3440138751856883, 2.3737839584447125, 25628, 0.8325391341551359
2.3440138751856883, 2.3737839584447125, 25631, 0.8300415167526705
2.3440138751856883, 2.3728417952972847, 25632, 0.8275513922024125
2.3440138751856883, 2.3728417952972847, 25633, 0.8250687380258053
2.3440138751856883, 2.3757024139009757, 25634, 0.8225935318117279
2.3440138751856883, 2.3696165295302754, 30636, 0.8201257512162927
2.3440138751856883, 2.3696165295302754, 30636, 0.8176653739626438
2.3440138751856883, 2.3696165295302754, 30636, 0.8152123778407558
2.3440138751856883, 2.3696165295302754, 30636, 0.8127667407072335
2.3440138751856883, 2.3696165295302754, 30636, 0.8103284404851119
2.3440138751856883, 2.3696165295302754, 30636, 0.8078974551636565
2.3440138751856883, 2.3696165295302754, 30636, 0.8054737627981655
2.3440138751856883, 2.3696165295302754, 30636, 0.803057341509771
2.3440138751856883, 2.3696165295302754, 30636, 0.8006481694852418
2.3440138751856883, 2.3696165295302754, 30636, 0.798246224976786
2.3440138751856883, 2.3696165295302754, 30636, 0.7958514863018556
2.3440138751856883, 2.3592926758277875, 35636, 0.79346393184295
2.3440138751856883, 2.3592926758277875, 35636, 0.7910835400474212
2.3440138751856883, 2.3592926758277875, 35636, 0.7887102894272789
2.3440138751856883, 2.3592926758277875, 35636, 0.7863441585589971
2.3440138751856883, 2.3592926758277875, 35636, 0.78398512608332
2.3440138751856883, 2.3592926758277875, 35636, 0.7816331707050701
2.3440138751856883, 2.3592926758277875, 35636, 0.7792882711929549
2.3440138751856883, 2.3592926758277875, 35636, 0.776950406379376
2.3440138751856883, 2.3592926758277875, 35636, 0.7746195551602378
2.3440138751856883, 2.3592926758277875, 35636, 0.7722956964947572
2.3440138751856883, 2.3592926758277875, 35636, 0.7699788094052729
2.3440138751856883, 2.3533848885768807, 40636, 0.767668872977057
2.3440138751856883, 2.3533848885768807, 40636, 0.7653658663581259
2.3440138751856883, 2.3533848885768807, 40636, 0.7630697687590515
2.3440138751856883, 2.3533848885768807, 40636, 0.7607805594527743
2.3440138751856883, 2.3533848885768807, 40636, 0.7584982177744161
2.3440138751856883, 2.3533848885768807, 40636, 0.7562227231210928
2.3440138751856883, 2.3533848885768807, 40636, 0.7539540549517295
2.3440138751856883, 2.3533848885768807, 40636, 0.7516921927868743
2.3440138751856883, 2.3533848885768807, 40636, 0.7494371162085136
2.3440138751856883, 2.3533848885768807, 40636, 0.747188804859888
2.3440138751856883, 2.3533848885768807, 40636, 0.7449472384453084
2.3440138751856883, 2.3493648999758734, 45636, 0.7427123967299725
2.3440138751856883, 2.3493648999758734, 45636, 0.7404842595397826
2.3440138751856883, 2.3493648999758734, 45636, 0.7382628067611632
2.3440138751856883, 2.3493648999758734, 45636, 0.7360480183408797
2.3440138751856883, 2.3493648999758734, 45636, 0.7338398742858571
2.3440138751856883, 2.3493648999758734, 45636, 0.7316383546629995
2.3440138751856883, 2.3493648999758734, 45636, 0.7294434395990105
2.3440138751856883, 2.3493648999758734, 45636, 0.7272551092802134
2.3440138751856883, 2.3493648999758734, 45636, 0.7250733439523728
2.3440138751856883, 2.3493648999758734, 45636, 0.7228981239205157
2.3440138751856883, 2.3493648999758734, 45636, 0.7207294295487541
2.3440138751856883, 2.347117322160667, 50636, 0.7185672412601078
2.3440138751856883, 2.347117322160667, 50636, 0.7164115395363275
2.3440138751856883, 2.347117322160667, 50636, 0.7142623049177186
2.3440138751856883, 2.347117322160667, 50636, 0.7121195180029655
2.3440138751856883, 2.347117322160667, 50636, 0.7099831594489566
2.3440138751856883, 2.347117322160667, 50636, 0.7078532099706097
2.3440138751856883, 2.347117322160667, 50636, 0.7057296503406979
2.3440138751856883, 2.347117322160667, 50636, 0.7036124613896758
2.3440138751856883, 2.347117322160667, 50636, 0.7015016240055068
2.3440138751856883, 2.347117322160667, 50636, 0.6993971191334902
2.3440138751856883, 2.347117322160667, 50636, 0.6972989277760897
2.3440138751856883, 2.347117322160667, 55636, 0.6952070309927615
2.3440138751856883, 2.347117322160667, 55636, 0.6931214098997832
2.3440138751856883, 2.347117322160667, 55636, 0.6910420456700839
2.3440138751856883, 2.347117322160667, 55636, 0.6889689195330736
2.3440138751856883, 2.347117322160667, 55636, 0.6869020127744744
2.3440138751856883, 2.347117322160667, 55636, 0.684841306736151
2.3440138751856883, 2.347117322160667, 55636, 0.6827867828159425
2.3440138751856883, 2.347117322160667, 55636, 0.6807384224674947
2.3440138751856883, 2.347117322160667, 55636, 0.6786962072000923
2.3440138751856883, 2.347117322160667, 55636, 0.676660118578492
2.3440138751856883, 2.347117322160667, 55636, 0.6746301382227565
2.3440138751856883, 2.347117322160667, 60636, 0.6726062478080883
2.3440138751856883, 2.347117322160667, 60636, 0.6705884290646641
2.3440138751856883, 2.347117322160667, 60636, 0.66857666377747
2.3440138751856883, 2.347117322160667, 60636, 0.6665709337861376
2.3440138751856883, 2.347117322160667, 60636, 0.6645712209847792
2.3440138751856883, 2.347117322160667, 60636, 0.6625775073218249
2.3440138751856883, 2.347117322160667, 60636, 0.6605897747998594
2.3440138751856883, 2.347117322160667, 60636, 0.6586080054754598
2.3440138751856883, 2.347117322160667, 60636, 0.6566321814590335
2.3440138751856883, 2.347117322160667, 60636, 0.6546622849146564
2.3440138751856883, 2.347117322160667, 60636, 0.6526982980599124
2.3440138751856883, 2.3440138751856914, 65636, 0.6507402031657327
2.3440138751856883, 2.3440138751856914, 65636, 0.6487879825562355
2.3440138751856883, 2.3440138751856914, 65636, 0.6468416186085668
2.3440138751856883, 2.3440138751856914, 65636, 0.6449010937527411
2.3440138751856883, 2.3440138751856914, 65636, 0.6429663904714829
2.3440138751856883, 2.3440138751856914, 65636, 0.6410374913000684
2.3440138751856883, 2.3440138751856914, 65636, 0.6391143788261682
2.3440138751856883, 2.3440138751856914, 65636, 0.6371970356896897
2.3440138751856883, 2.3440138751856914, 65636, 0.6352854445826206
2.3440138751856883, 2.3440138751856914, 65636, 0.6333795882488727
2.3440138751856883, 2.3440138751856914, 65636, 0.6314794494841262
2.3440138751856883, 2.3440138751856914, 70636, 0.6295850111356738
2.3440138751856883, 2.3440138751856914, 70636, 0.6276962561022668
2.3440138751856883, 2.3440138751856914, 70636, 0.62581316733396
2.3440138751856883, 2.3440138751856914, 70636, 0.623935727831958
2.3440138751856883, 2.3440138751856914, 70636, 0.6220639206484622
2.3440138751856883, 2.3440138751856914, 70636, 0.6201977288865168
2.3440138751856883, 2.3440138751856914, 70636, 0.6183371356998573
2.3440138751856883, 2.3440138751856914, 70636, 0.6164821242927577
2.3440138751856883, 2.3440138751856914, 70636, 0.6146326779198794
2.3440138751856883, 2.3440138751856914, 70636, 0.6127887798861198
2.3440138751856883, 2.3440138751856914, 70636, 0.6109504135464614
2.3440138751856883, 2.3440138751856914, 75636, 0.609117562305822
2.3440138751856883, 2.3440138751856914, 75636, 0.6072902096189046
2.3440138751856883, 2.3440138751856914, 75636, 0.6054683389900478
2.3440138751856883, 2.3440138751856914, 75636, 0.6036519339730777
2.3440138751856883, 2.3440138751856914, 75636, 0.6018409781711584
2.3440138751856883, 2.3440138751856914, 75636, 0.6000354552366449
2.3440138751856883, 2.3440138751856914, 75636, 0.598235348870935
2.3440138751856883, 2.3440138751856914, 75636, 0.5964406428243222
2.3440138751856883, 2.3440138751856914, 75636, 0.5946513208958493
2.3440138751856883, 2.3440138751856914, 75636, 0.5928673669331617
2.3440138751856883, 2.3440138751856914, 75636, 0.5910887648323622
2.3440138751856883, 2.3440138751856914, 80636, 0.5893154985378651
2.3440138751856883, 2.3440138751856914, 80636, 0.5875475520422515
2.3440138751856883, 2.3440138751856914, 80636, 0.5857849093861247
2.3440138751856883, 2.3440138751856914, 80636, 0.5840275546579663
2.3440138751856883, 2.3440138751856914, 80636, 0.5822754719939924
2.3440138751856883, 2.3440138751856914, 80636, 0.5805286455780104
2.3440138751856883, 2.3440138751856914, 80636, 0.5787870596412764
2.3440138751856883, 2.3440138751856914, 80636, 0.5770506984623526
2.3440138751856883, 2.3440138751856914, 80636, 0.5753195463669655
2.3440138751856883, 2.3440138751856914, 80636, 0.5735935877278646
2.3440138751856883, 2.3440138751856914, 80636, 0.571872806964681
2.3440138751856883, 2.3440138751856914, 85636, 0.5701571885437869
2.3440138751856883, 2.3440138751856914, 85636, 0.5684467169781556
2.3440138751856883, 2.3440138751856914, 85636, 0.5667413768272211
2.3440138751856883, 2.3440138751856914, 85636, 0.5650411526967395
2.3440138751856883, 2.3440138751856914, 85636, 0.5633460292386493
2.3440138751856883, 2.3440138751856914, 85636, 0.5616559911509333
2.3440138751856883, 2.3440138751856914, 85636, 0.5599710231774805
2.3440138751856883, 2.3440138751856914, 85636, 0.5582911101079481
2.3440138751856883, 2.3440138751856914, 85636, 0.5566162367776242
2.3440138751856883, 2.3440138751856914, 85636, 0.5549463880672914
2.3440138751856883, 2.3440138751856914, 85636, 0.5532815489030894
2.3440138751856883, 2.3440138751856914, 90636, 0.5516217042563801
2.3440138751856883, 2.3440138751856914, 90636, 0.549966839143611
2.3440138751856883, 2.3440138751856914, 90636, 0.5483169386261801
2.3440138751856883, 2.3440138751856914, 90636, 0.5466719878103016
2.3440138751856883, 2.3440138751856914, 90636, 0.5450319718468707
2.3440138751856883, 2.3440138751856914, 90636, 0.5433968759313301
2.3440138751856883, 2.3440138751856914, 90636, 0.5417666853035361
2.3440138751856883, 2.3440138751856914, 90636, 0.5401413852476254
2.3440138751856883, 2.3440138751856914, 90636, 0.5385209610918825
2.3440138751856883, 2.3440138751856914, 90636, 0.5369053982086068
2.3440138751856883, 2.3440138751856914, 90636, 0.535294682013981
2.3440138751856883, 2.3440138751856914, 95636, 0.5336887979679391
2.3440138751856883, 2.3440138751856914, 95636, 0.5320877315740353
2.3440138751856883, 2.3440138751856914, 95636, 0.5304914683793133
2.3440138751856883, 2.3440138751856914, 95636, 0.5288999939741753
2.3440138751856883, 2.3440138751856914, 95636, 0.5273132939922528
2.3440138751856883, 2.3440138751856914, 95636, 0.525731354110276
2.3440138751856883, 2.3440138751856914, 95636, 0.5241541600479452
2.3440138751856883, 2.3440138751856914, 95636, 0.5225816975678014
2.3440138751856883, 2.3440138751856914, 95636, 0.521013952475098
2.3440138751856883, 2.3440138751856914, 95636, 0.5194509106176727
2.3440138751856883, 2.3440138751856914, 95636, 0.5178925578858197
2.3440138751856883, 2.3440138751856914, 100636, 0.5163388802121622
TIME: 814.3133008480072

