

------------------------------------  iris  ------------------------------------
SEED: 0

--------> Restriction: 10
3.9369212940451215, 4.785864205929756, 508, 0.997
3.8933821855061863, 4.685274615886092, 939, 0.994009
3.860359630058404, 4.469159392439077, 1408, 0.991026973
3.860359630058404, 4.448852326678235, 1906, 0.988053892081
3.850721990252813, 4.387429396023337, 2359, 0.985089730404757
3.850721990252813, 4.490385260730917, 2791, 0.9821344612135428
3.850721990252813, 4.515605083929902, 3278, 0.9791880578299021
3.850721990252813, 4.388359682711125, 3770, 0.9762504936564125
3.850721990252813, 4.414701085196681, 4229, 0.9733217421754432
3.850721990252813, 4.432626387868133, 4742, 0.9704017769489168
3.850721990252813, 4.162391150546948, 5287, 0.9674905716180701
3.7242261972362476, 4.336933664125894, 5907, 0.9645880999032158
3.7242261972362476, 4.326266976715897, 6482, 0.9616943356035061
3.7242261972362476, 4.388722847937188, 7041, 0.9588092525966956
3.7242261972362476, 4.28793143636197, 7635, 0.9559328248389055
3.7242261972362476, 4.358406214852036, 8198, 0.9530650263643888
3.7242261972362476, 4.332138532388344, 8796, 0.9502058312852957
3.7242261972362476, 4.3815734405891, 9382, 0.9473552137914398
3.7242261972362476, 4.2653243412783555, 9965, 0.9445131481500655
3.7242261972362476, 4.325751601345452, 10558, 0.9416796087056153
3.7242261972362476, 4.2865399917703515, 11166, 0.9388545698794984
3.7242261972362476, 4.086005262691193, 11814, 0.93603800616986
3.6542240535627477, 4.386955165472326, 12441, 0.9332298921513504
3.6542240535627477, 4.350951177232196, 12986, 0.9304302024748964
3.6542240535627477, 4.324132562704361, 13532, 0.9276389118674717
3.6542240535627477, 4.384892408313863, 14127, 0.9248559951318693
3.6542240535627477, 4.281054687188637, 14722, 0.9220814271464737
3.6542240535627477, 4.330169891122325, 15324, 0.9193151828650342
3.6542240535627477, 4.337514138325898, 15985, 0.9165572373164391
3.6542240535627477, 4.363560971472559, 16596, 0.9138075656044898
3.6542240535627477, 4.229232084427081, 17180, 0.9110661429076764
3.6542240535627477, 4.276088259753557, 17789, 0.9083329444789534
3.6542240535627477, 4.145601673077046, 18448, 0.9056079456455165
3.6542240535627477, 4.315638067339012, 19056, 0.90289112180858
3.6542240535627477, 4.429771146587692, 19688, 0.9001824484431542
3.6542240535627477, 4.444199433350908, 20383, 0.8974819010978248
3.6542240535627477, 4.239463682745827, 21046, 0.8947894553945313
3.6542240535627477, 4.275352528686749, 21722, 0.8921050870283477
3.6542240535627477, 4.3099229557630165, 22338, 0.8894287717672626
3.6542240535627477, 4.298412629606179, 22989, 0.8867604854519608
3.6542240535627477, 4.399535192558966, 23611, 0.884100203995605
3.6542240535627477, 4.280363722599437, 24259, 0.8814479033836181
3.6542240535627477, 4.279036569509207, 24907, 0.8788035596734672
3.6542240535627477, 4.103096638482847, 25621, 0.8761671489944468
3.6542240535627477, 4.301052149431852, 26301, 0.8735386475474635
3.6542240535627477, 4.352582687524652, 26940, 0.8709180316048211
3.6542240535627477, 4.302513448806613, 27574, 0.8683052775100066
3.6542240535627477, 4.289460122538343, 28231, 0.8657003616774767
3.6542240535627477, 4.2029939375746785, 28894, 0.8631032605924442
3.6542240535627477, 4.273785584962624, 29537, 0.860513950810667
3.6542240535627477, 4.359131802449715, 30144, 0.857932408958235
3.6542240535627477, 4.232720086458762, 30757, 0.8553586117313603
3.6542240535627477, 4.265733755281012, 31389, 0.8527925358961662
3.6542240535627477, 4.281137458871655, 32036, 0.8502341582884777
3.6542240535627477, 4.0586273189685445, 32707, 0.8476834558136123
3.6542240535627477, 4.333059577335786, 33377, 0.8451404054461714
3.6542240535627477, 4.25004112961949, 34043, 0.8426049842298329
3.6542240535627477, 4.261275174656071, 34709, 0.8400771692771434
3.6542240535627477, 4.3701045331945, 35391, 0.837556937769312
3.6542240535627477, 4.223857711618852, 36014, 0.835044266956004
3.6542240535627477, 4.258975967873834, 36660, 0.8325391341551359
3.6542240535627477, 4.309885861551671, 37259, 0.8300415167526705
3.6542240535627477, 4.25039549539711, 37895, 0.8275513922024125
3.6542240535627477, 4.272653722468856, 38559, 0.8250687380258053
3.6542240535627477, 4.305424591101824, 39190, 0.8225935318117279
3.6542240535627477, 4.109602094428355, 39855, 0.8201257512162927
3.6542240535627477, 4.188090400429051, 40507, 0.8176653739626438
3.6542240535627477, 4.338885184692346, 41135, 0.8152123778407558
3.6542240535627477, 4.248162148710576, 41805, 0.8127667407072335
3.6542240535627477, 4.297233453767932, 42449, 0.8103284404851119
3.6542240535627477, 4.276611519407116, 43088, 0.8078974551636565
3.6542240535627477, 4.334230254496935, 43776, 0.8054737627981655
3.6542240535627477, 4.230662643618484, 44423, 0.803057341509771
3.6542240535627477, 4.336691372525928, 45093, 0.8006481694852418
3.6542240535627477, 4.388303782757871, 45759, 0.798246224976786
3.6542240535627477, 4.247832490694924, 46416, 0.7958514863018556
3.6542240535627477, 4.097902045710149, 47092, 0.79346393184295
3.6542240535627477, 4.227894365746851, 47797, 0.7910835400474212
3.6542240535627477, 4.243497565543929, 48492, 0.7887102894272789
3.6542240535627477, 4.241784392528559, 49170, 0.7863441585589971
3.6542240535627477, 4.225739688380568, 49830, 0.78398512608332
3.6542240535627477, 4.286307637845685, 50512, 0.7816331707050701
3.6542240535627477, 4.312317861431894, 51169, 0.7792882711929549
3.6542240535627477, 4.248918371722136, 51825, 0.776950406379376
3.6542240535627477, 4.214068884859961, 52479, 0.7746195551602378
3.6542240535627477, 4.326028962813399, 53106, 0.7722956964947572
3.6542240535627477, 4.24360403573235, 53773, 0.7699788094052729
3.6542240535627477, 4.182058356410106, 54483, 0.767668872977057
3.6542240535627477, 4.248670243152141, 55187, 0.7653658663581259
3.6542240535627477, 4.250284211784487, 55812, 0.7630697687590515
3.6542240535627477, 4.276439576476525, 56491, 0.7607805594527743
3.6542240535627477, 4.190574109658073, 57155, 0.7584982177744161
3.6542240535627477, 4.266660685928808, 57782, 0.7562227231210928
3.6542240535627477, 4.288397076517696, 58444, 0.7539540549517295
3.6542240535627477, 4.27019449120072, 59075, 0.7516921927868743
3.6542240535627477, 4.27954211348956, 59733, 0.7494371162085136
3.6542240535627477, 4.279825812981054, 60364, 0.747188804859888
3.6542240535627477, 4.2570652154464055, 61018, 0.7449472384453084
3.6542240535627477, 4.074248828316425, 61722, 0.7427123967299725
3.6542240535627477, 4.274556954427683, 62351, 0.7404842595397826
3.6542240535627477, 4.261668221356561, 62991, 0.7382628067611632
3.6542240535627477, 4.276536819703922, 63628, 0.7360480183408797
3.6542240535627477, 4.215598853717631, 64286, 0.7338398742858571
3.6542240535627477, 4.226611364195626, 64918, 0.7316383546629995
3.6542240535627477, 4.272315312439288, 65569, 0.7294434395990105
3.6542240535627477, 4.3667426224307855, 66233, 0.7272551092802134
3.6542240535627477, 4.1774299500419225, 66868, 0.7250733439523728
3.6542240535627477, 4.214502993699878, 67551, 0.7228981239205157
3.6542240535627477, 4.266130804435139, 68161, 0.7207294295487541
3.6542240535627477, 4.074950380962069, 68859, 0.7185672412601078
3.6542240535627477, 4.222103670100925, 69512, 0.7164115395363275
3.6542240535627477, 4.2009131199753496, 70164, 0.7142623049177186
3.6542240535627477, 4.247308671338505, 70791, 0.7121195180029655
3.6542240535627477, 4.2466089043146145, 71447, 0.7099831594489566
3.6542240535627477, 4.26095913168437, 72115, 0.7078532099706097
3.6542240535627477, 4.269306608045316, 72752, 0.7057296503406979
3.6542240535627477, 4.245802520810783, 73396, 0.7036124613896758
3.6542240535627477, 4.303090106081356, 74029, 0.7015016240055068
3.6542240535627477, 4.1969092820367715, 74674, 0.6993971191334902
3.6542240535627477, 4.189929694192255, 75323, 0.6972989277760897
3.6542240535627477, 4.091037591866015, 76002, 0.6952070309927615
3.6542240535627477, 4.251375625585793, 76692, 0.6931214098997832
3.6542240535627477, 4.244691083434622, 77327, 0.6910420456700839
3.6542240535627477, 4.227586911098991, 77945, 0.6889689195330736
3.6542240535627477, 4.204416693116317, 78598, 0.6869020127744744
3.6542240535627477, 4.2641178709277, 79223, 0.684841306736151
3.6542240535627477, 4.18072191947516, 79876, 0.6827867828159425
3.6542240535627477, 4.21986785650858, 80525, 0.6807384224674947
3.6542240535627477, 4.266491652421844, 81182, 0.6786962072000923
3.6542240535627477, 4.231171900561949, 81839, 0.676660118578492
3.6542240535627477, 4.224362383810965, 82457, 0.6746301382227565
3.6542240535627477, 4.094224808745236, 83116, 0.6726062478080883
3.6542240535627477, 4.198032667378097, 83740, 0.6705884290646641
3.6542240535627477, 4.247716187531392, 84406, 0.66857666377747
3.6542240535627477, 4.192977895382265, 85034, 0.6665709337861376
3.6542240535627477, 4.162530731187705, 85656, 0.6645712209847792
3.6542240535627477, 4.2402772406456, 86268, 0.6625775073218249
3.6542240535627477, 4.172441297079744, 86884, 0.6605897747998594
3.6542240535627477, 4.231511389916125, 87515, 0.6586080054754598
3.6542240535627477, 4.219269014879169, 88154, 0.6566321814590335
3.6542240535627477, 4.259452351416082, 88801, 0.6546622849146564
3.6542240535627477, 4.238468905717952, 89493, 0.6526982980599124
3.6542240535627477, 4.073578812180537, 90173, 0.6507402031657327
3.6542240535627477, 4.165793076739704, 90838, 0.6487879825562355
3.6542240535627477, 4.198915616499874, 91468, 0.6468416186085668
3.6542240535627477, 4.176645187970592, 92130, 0.6449010937527411
3.6542240535627477, 4.134548268852834, 92775, 0.6429663904714829
3.6542240535627477, 4.264757947218655, 93397, 0.6410374913000684
3.6542240535627477, 4.21764592339191, 94049, 0.6391143788261682
3.6542240535627477, 4.193286642327371, 94708, 0.6371970356896897
3.6542240535627477, 4.210771754967997, 95387, 0.6352854445826206
3.6542240535627477, 4.261946679214869, 96064, 0.6333795882488727
3.6542240535627477, 4.1525882611228635, 96741, 0.6314794494841262
3.6542240535627477, 4.006153153155876, 97443, 0.6295850111356738
3.6542240535627477, 4.174126467363849, 98106, 0.6276962561022668
3.6542240535627477, 4.188500352872487, 98756, 0.62581316733396
3.6542240535627477, 4.266892371131358, 99409, 0.623935727831958
3.6542240535627477, 4.171410751972918, 100030, 0.6220639206484622
TIME: 2600.401395559311

