

------------------------------------  ecoli  ------------------------------------
SEED: 0

--------> Restriction: 10
87.89335985734566, 97.87208599426866, 431, 0.997
87.89335985734566, 96.6904443765984, 878, 0.994009
86.07257605689412, 94.76621215807802, 1318, 0.991026973
85.29887216966546, 95.70936925576478, 1723, 0.988053892081
85.26377501789975, 92.99280057190843, 2156, 0.985089730404757
85.09623655693022, 94.29151328885838, 2556, 0.9821344612135428
84.0456827293655, 92.94802834415147, 3038, 0.9791880578299021
84.0456827293655, 93.10594307909497, 3429, 0.9762504936564125
83.78625587875075, 92.96800263487121, 3829, 0.9733217421754432
83.78625587875075, 93.01572801605394, 4183, 0.9704017769489168
80.83813360973426, 89.01930110860835, 9564, 0.9674905716180701
80.83813360973426, 93.25206088472537, 10139, 0.9645880999032158
80.83813360973426, 93.5969752366781, 10633, 0.9616943356035061
80.83813360973426, 93.11444979631659, 11193, 0.9588092525966956
80.83813360973426, 92.91152295971796, 11703, 0.9559328248389055
80.83813360973426, 92.84688110211623, 12275, 0.9530650263643888
80.83813360973426, 92.765134534403, 12811, 0.9502058312852957
80.83813360973426, 92.95694967580935, 13339, 0.9473552137914398
80.83813360973426, 92.40873918079005, 13876, 0.9445131481500655
80.83813360973426, 93.0235892020934, 14395, 0.9416796087056153
80.83813360973426, 92.9006444521605, 14914, 0.9388545698794984
79.17402019131363, 89.76274928665863, 20455, 0.93603800616986
79.17402019131363, 92.85153776250515, 21018, 0.9332298921513504
79.17402019131363, 92.7589252920738, 21569, 0.9304302024748964
79.17402019131363, 92.57078045092652, 22122, 0.9276389118674717
79.17402019131363, 93.09379831777116, 22689, 0.9248559951318693
79.17402019131363, 92.4270421452354, 23246, 0.9220814271464737
79.17402019131363, 92.40233739736354, 23867, 0.9193151828650342
79.17402019131363, 93.02674600186334, 24426, 0.9165572373164391
79.17402019131363, 92.56292752543659, 24992, 0.9138075656044898
79.17402019131363, 93.20372627383321, 25564, 0.9110661429076764
79.17402019131363, 92.42935202226892, 26123, 0.9083329444789534
78.09030159852013, 90.04981371985149, 31681, 0.9056079456455165
78.09030159852013, 92.70750982510181, 32218, 0.90289112180858
78.09030159852013, 92.32420237334418, 32812, 0.9001824484431542
78.09030159852013, 92.44127643088645, 33373, 0.8974819010978248
78.09030159852013, 91.85264273930142, 33936, 0.8947894553945313
78.09030159852013, 92.54153254808514, 34503, 0.8921050870283477
78.09030159852013, 92.52397346089792, 35109, 0.8894287717672626
78.09030159852013, 92.55829088959912, 35661, 0.8867604854519608
78.09030159852013, 92.68085685234566, 36226, 0.884100203995605
78.09030159852013, 92.21925018624111, 36789, 0.8814479033836181
78.09030159852013, 92.74137926429752, 37390, 0.8788035596734672
76.6823400304137, 90.18395246756172, 42980, 0.8761671489944468
76.6823400304137, 92.35738549423085, 43580, 0.8735386475474635
76.6823400304137, 92.19116272296895, 44145, 0.8709180316048211
76.6823400304137, 92.0588803697969, 44711, 0.8683052775100066
76.6823400304137, 92.08179197948316, 45289, 0.8657003616774767
76.6823400304137, 91.69879301037189, 45857, 0.8631032605924442
76.6823400304137, 92.1827340008108, 46503, 0.860513950810667
76.6823400304137, 92.09998739891937, 47058, 0.857932408958235
76.6823400304137, 91.90129832401453, 47640, 0.8553586117313603
76.6823400304137, 92.0815281258993, 48218, 0.8527925358961662
76.6823400304137, 92.09929798759192, 48793, 0.8502341582884777
75.17918552706965, 90.02871940251077, 54370, 0.8476834558136123
75.17918552706965, 91.27842017390525, 54958, 0.8451404054461714
75.17918552706965, 91.75048988668694, 55507, 0.8426049842298329
75.17918552706965, 91.08979016742713, 56134, 0.8400771692771434
75.17918552706965, 90.81060241319244, 56726, 0.837556937769312
75.17918552706965, 91.02986287389872, 57275, 0.835044266956004
75.17918552706965, 91.99889866934828, 57792, 0.8325391341551359
75.17918552706965, 90.91039369257203, 58343, 0.8300415167526705
75.17918552706965, 91.22529614398856, 58885, 0.8275513922024125
75.17918552706965, 91.35470689320834, 59457, 0.8250687380258053
75.17918552706965, 90.79600208102973, 60001, 0.8225935318117279
74.9729405431478, 89.62282584080712, 65584, 0.8201257512162927
74.9729405431478, 91.27534828858501, 66242, 0.8176653739626438
74.9729405431478, 91.29528373144521, 66830, 0.8152123778407558
74.9729405431478, 92.00351972098011, 67400, 0.8127667407072335
74.9729405431478, 91.07388994968792, 67971, 0.8103284404851119
74.9729405431478, 91.49987079137864, 68537, 0.8078974551636565
74.9729405431478, 90.54649125270441, 69124, 0.8054737627981655
74.9729405431478, 91.3246189507558, 69681, 0.803057341509771
74.9729405431478, 90.88534045037191, 70276, 0.8006481694852418
74.9729405431478, 92.12563255581016, 70867, 0.798246224976786
74.9729405431478, 91.18342972930118, 71442, 0.7958514863018556
73.38581231098993, 90.12531147833879, 76993, 0.79346393184295
73.38581231098993, 90.78259315633859, 77618, 0.7910835400474212
73.38581231098993, 90.80026213567724, 78225, 0.7887102894272789
73.38581231098993, 90.71722124233479, 78831, 0.7863441585589971
73.38581231098993, 90.41445932734548, 79485, 0.78398512608332
73.38581231098993, 91.45357554541265, 80103, 0.7816331707050701
73.38581231098993, 90.6095506020174, 80730, 0.7792882711929549
73.38581231098993, 91.0331959406487, 81276, 0.776950406379376
73.38581231098993, 90.25117638561078, 81863, 0.7746195551602378
73.38581231098993, 91.41870540158114, 82471, 0.7722956964947572
73.38581231098993, 91.20261115349703, 83070, 0.7699788094052729
72.70071769780371, 89.02806461107622, 88627, 0.767668872977057
72.70071769780371, 91.28757186958664, 89243, 0.7653658663581259
72.70071769780371, 90.82699005024807, 89823, 0.7630697687590515
72.70071769780371, 90.24151297983617, 90411, 0.7607805594527743
72.70071769780371, 90.49162102871001, 91020, 0.7584982177744161
72.70071769780371, 91.19283875622251, 91643, 0.7562227231210928
72.70071769780371, 90.83249337009643, 92272, 0.7539540549517295
72.70071769780371, 90.43779380238631, 92842, 0.7516921927868743
72.70071769780371, 90.89278492805526, 93400, 0.7494371162085136
72.70071769780371, 91.51889070470158, 94017, 0.747188804859888
72.70071769780371, 90.61223753451739, 94594, 0.7449472384453084
72.2671666976343, 88.658477300064, 100134, 0.7427123967299725
TIME: 3940.6337172985077

