

------------------------------------  rand  ------------------------------------
SEED: 20

--------> Restriction: 10
2.3440138751856883, 2.5705051993938444, 3712.3440138751856883, 2.508070666773903, 5532.3440138751856883, 2.481268691852879, 5832.3440138751856883, 2.4791048805821587, 5952.3440138751856883, 2.457049344337928, 6142.3440138751856883, 2.4618303032805176, 6232.3440138751856883, 2.4519412126228612, 6252.3440138751856883, 2.4519412126228612, 6252.3440138751856883, 2.4519412126228612, 6252.3440138751856883, 2.4519412126228612, 6252.3440138751856883, 2.4519412126228612, 6252.3440138751856883, 2.4519412126228612, 6252.3440138751856883, 2.4519412126228612, 6252.3440138751856883, 2.4519412126228612, 6252.3440138751856883, 2.4519412126228612, 6252.3440138751856883, 2.4519412126228612, 6252.3440138751856883, 2.4519412126228612, 6252.3440138751856883, 2.4519412126228612, 6252.3440138751856883, 2.4519412126228612, 6252.3440138751856883, 2.4519412126228612, 6252.3440138751856883, 2.4519412126228612, 6252.3440138751856883, 2.4519412126228612, 6252.3440138751856883, 2.4519412126228612, 6252.3440138751856883, 2.4519412126228612, 6252.3440138751856883, 2.4519412126228612, 6252.3440138751856883, 2.4519412126228612, 6252.3440138751856883, 2.4519412126228612, 6252.3440138751856883, 2.4519412126228612, 6252.3440138751856883, 2.4519412126228612, 6252.3440138751856883, 2.4519412126228612, 6252.3440138751856883, 2.4519412126228612, 6252.3440138751856883, 2.4519412126228612, 6252.3440138751856883, 2.4519412126228612, 6252.3440138751856883, 2.4519412126228612, 6252.3440138751856883, 2.4519412126228612, 6252.3440138751856883, 2.4519412126228612, 6252.3440138751856883, 2.4519412126228612, 6252.3440138751856883, 2.4519412126228612, 6252.3440138751856883, 2.4519412126228612, 6252.3440138751856883, 2.4519412126228612, 6252.3440138751856883, 2.4519412126228612, 6252.3440138751856883, 2.4519412126228612, 6252.3440138751856883, 2.4519412126228612, 6252.3440138751856883, 2.4519412126228612, 6252.3440138751856883, 2.4519412126228612, 6252.3440138751856883, 2.4519412126228612, 6252.3440138751856883, 2.4519412126228612, 6252.3440138751856883, 2.4519412126228612, 6252.3440138751856883, 2.4519412126228612, 6252.3440138751856883, 2.4519412126228612, 6252.3440138751856883, 2.4519412126228612, 625TIME: 8.740591049194336

OBJ_RATE: 2.3440138751856883
C_RATE: 2.3440138751856883
INF_RATE: 0
