

------------------------------------  iris  ------------------------------------
SEED: 0

--------> Restriction: 10
3.8159475553195152, 4.48180253770909, 4223.803009638552583, 4.3157433897974595, 8613.803009638552583, 4.175620484074283, 13413.803009638552583, 4.191452674723028, 18713.803009638552583, 4.180017867448252, 23653.803009638552583, 4.220561457647526, 28613.803009638552583, 4.219040505541585, 33583.803009638552583, 4.131560984007956, 38413.803009638552583, 4.13890703224052, 42673.803009638552583, 4.165660588664959, 47113.803009638552583, 4.2117932015096065, 51613.803009638552583, 4.117468431907074, 56443.803009638552583, 4.136067166655701, 60453.803009638552583, 4.10951393253657, 64343.803009638552583, 4.0560366163685595, 68363.803009638552583, 4.053900514319388, 71583.803009638552583, 4.080081115592519, 74723.803009638552583, 4.053366362445748, 77843.803009638552583, 4.036691028698181, 80803.803009638552583, 4.013889845257037, 83593.803009638552583, 4.005209887275355, 86683.803009638552583, 4.064329326590822, 89533.803009638552583, 4.035407901420557, 92113.803009638552583, 3.9862706647211708, 94393.803009638552583, 3.999509349537574, 96463.803009638552583, 3.984264950430124, 98383.803009638552583, 3.976894245411068, 100063.803009638552583, 3.9940989165834124, 101643.803009638552583, 3.968136791813414, 103113.803009638552583, 3.9717960888721255, 104713.803009638552583, 3.9643130066913095, 106403.803009638552583, 3.966167457592527, 107853.803009638552583, 3.9572198319933376, 109333.803009638552583, 3.977237541577142, 110853.803009638552583, 3.949422252827595, 112283.803009638552583, 3.9854778859533564, 113663.803009638552583, 3.9525068061982256, 114953.803009638552583, 4.001655827703495, 116283.803009638552583, 3.977109521986289, 117553.803009638552583, 3.9552396258346736, 118893.803009638552583, 3.9723581787728275, 120193.803009638552583, 3.959782178981354, 121253.803009638552583, 3.943833629135443, 122493.803009638552583, 3.9527208994914504, 123673.803009638552583, 3.940451327381064, 124843.803009638552583, 3.9489305155435455, 125963.803009638552583, 3.948520658581949, 127143.803009638552583, 3.9292919436954192, 128233.747743645111588, 3.994284427891095, 129683.747743645111588, 4.118476344047414, 134883.747743645111588, 4.050977536420909, 139923.747743645111588, 3.9863635699773177, 144333.747743645111588, 3.9976686732130253, 148553.747743645111588, 4.0346458014195345, 153203.747743645111588, 4.023671772847732, 157493.747743645111588, 4.021606820574546, 161413.747743645111588, 3.9564735396626287, 165063.747743645111588, 3.9997018246950655, 168633.747743645111588, 3.9783254880875996, 171673.747743645111588, 3.9668236142329287, 174593.747743645111588, 4.002024284935942, 177173.747743645111588, 3.9157874310233876, 179643.747743645111588, 3.965043804115534, 181753.747743645111588, 3.919913021591151, 183773.747743645111588, 3.960265447515305, 185713.747743645111588, 3.9105915237302002, 187613.747743645111588, 3.92661616683346, 189513.747743645111588, 3.8941247775947634, 191303.747743645111588, 3.9290689283511044, 192923.747743645111588, 3.9311851140883154, 194663.747743645111588, 3.9100434652630485, 196013.747743645111588, 3.9140278071551005, 197383.747743645111588, 3.9009399944386867, 198503.747743645111588, 3.945072668735465, 199833.747743645111588, 3.900030231164621, 201113.747743645111588, 3.906903613256081, 202183.747743645111588, 3.9474497544817306, 203453.747743645111588, 3.9069837952646136, 204803.747743645111588, 3.9117332265757154, 206193.747743645111588, 3.9004089074431305, 207503.747743645111588, 3.9421496973774945, 208793.747743645111588, 3.9515381251129247, 210243.747743645111588, 3.913494079359085, 211753.747743645111588, 3.9300861881766496, 213153.747743645111588, 3.887000660443464, 214533.747743645111588, 3.9046673622812467, 215783.747743645111588, 3.9303184075781985, 217163.747743645111588, 3.954386254202002, 218603.747743645111588, 3.8858966224667855, 219643.747743645111588, 3.918833231547093, 220673.747743645111588, 3.9129314075340362, 221893.747743645111588, 3.9612578734388886, 223083.747743645111588, 3.918306781501563, 224163.747743645111588, 3.8962226397886655, 224963.747743645111588, 3.8967180629006095, 225703.747743645111588, 3.92731144690796, 226713.747743645111588, 3.8882356041240134, 227633.747743645111588, 3.9007489138735627, 228683.747743645111588, 3.8993080018282678, 22974TIME: 348.3866431713104

OBJ_RATE: 3.747743645111588
C_RATE: 3.6525977744728144
INF_RATE: 15
