

------------------------------------  ecoli  ------------------------------------
SEED: 10

--------> Restriction: 10
60.33502465407214, 93.14276526086832, 64560.33502465407214, 97.25226958182388, 113660.33502465407214, 96.06016451736937, 159160.33502465407214, 96.74536908887278, 203560.33502465407214, 96.03246406005987, 247460.33502465407214, 96.45611126397469, 291460.33502465407214, 96.66657282519594, 336860.33502465407214, 96.27549422410927, 380560.33502465407214, 97.13876486656034, 425560.33502465407214, 97.73238360006012, 469460.33502465407214, 97.60065234908122, 513560.33502465407214, 97.07186611345936, 557260.33502465407214, 96.37378600874494, 598360.33502465407214, 97.04009301164768, 642160.33502465407214, 95.70009898990574, 685160.33502465407214, 96.59246079613918, 730160.33502465407214, 97.31098040308888, 773960.33502465407214, 97.49339721404937, 817660.33502465407214, 97.2212138988891, 860360.33502465407214, 96.8194970975498, 909360.33502465407214, 96.66046793234453, 961760.33502465407214, 97.37693585544201, 1006260.33502465407214, 98.2029492482559, 1051260.33502465407214, 97.03557063879408, 1098360.33502465407214, 96.47754905508666, 1142360.33502465407214, 96.60293844385473, 1188860.33502465407214, 95.71277054778884, 1232060.33502465407214, 96.38860444087273, 1275960.33502465407214, 97.26451554873442, 1319360.33502465407214, 96.29603048326412, 1363660.33502465407214, 95.29037330282117, 1410060.33502465407214, 96.55272201904056, 1456160.33502465407214, 97.16242039317736, 1500760.33502465407214, 95.91050804749926, 1547060.33502465407214, 96.57161709589938, 1593360.33502465407214, 96.42602492218948, 1638360.33502465407214, 96.96452265983109, 1681160.33502465407214, 96.38014954115827, 1727060.33502465407214, 95.63889596567346, 1771560.33502465407214, 96.68519696261306, 1817460.33502465407214, 96.49655496160962, 1865860.33502465407214, 97.08586543868874, 1914060.33502465407214, 96.17104667143136, 1960660.33502465407214, 96.49914036463626, 2009660.33502465407214, 95.84621314035552, 2056060.33502465407214, 95.85873639242112, 2102160.33502465407214, 96.40245639208045, 2148060.33502465407214, 97.21461165720655, 2192460.33502465407214, 97.70532006496317, 2235060.33502465407214, 96.95626757799151, 2278560.33502465407214, 95.98675061693076, 23242TIME: 1304.1374282836914

OBJ_RATE: 101.60985327715022
C_RATE: 57.34110125797206
INF_RATE: 1650
