

------------------------------------  ecoli  ------------------------------------
SEED: 10

--------> Restriction: 10
87.06311803354441, 97.45853192538658, 462, 1
87.03005780777949, 96.34412907805405, 905, 1
86.97799527098583, 95.6053547785076, 1397, 1
86.79110406235687, 94.7263664179315, 1944, 1
86.79110406235687, 96.28870672378339, 2523, 1
86.52650506703483, 94.82890851534832, 3103, 1
86.52650506703483, 93.4117437716529, 3694, 1
86.52650506703483, 93.1964030752614, 4273, 1
86.07400030033715, 93.66332501378912, 4895, 1
86.07400030033715, 92.54504914372286, 5452, 1
86.07400030033715, 92.1092020181177, 5993, 1
84.86235506082062, 92.09559912764794, 6594, 1
84.86235506082062, 92.06029821208274, 7144, 1
84.83602909388961, 90.73021131864856, 7654, 1
84.83602909388961, 91.06862077429749, 8170, 1
84.83602909388961, 91.54610330393487, 8775, 1
84.83602909388961, 91.00687545707513, 9325, 1
84.17575402931999, 92.64608399788177, 9873, 1
84.17575402931999, 90.58848208590297, 10479, 1
84.17575402931999, 91.37928601577019, 11037, 1
84.17575402931999, 91.21084391839254, 11572, 1
84.17575402931999, 91.94682920787167, 12161, 1
84.17575402931999, 91.50218232203311, 12740, 1
84.17575402931999, 91.26443502027553, 13279, 1
84.17575402931999, 90.72527526065274, 13834, 1
84.17575402931999, 91.39050607618564, 14362, 1
84.17575402931999, 91.5693908643373, 14902, 1
84.17575402931999, 91.44932112728752, 15471, 0.97
84.17575402931999, 90.41128697758033, 15983, 0.97
84.17575402931999, 90.2347208276483, 16459, 0.97
84.17575402931999, 90.22774008243492, 16972, 0.97
83.9010999835786, 89.75766656626256, 17491, 0.97
83.9010999835786, 90.73740331583609, 17982, 0.97
83.9010999835786, 90.96545833091832, 18496, 0.97
83.9010999835786, 90.12179715304626, 18986, 0.97
83.9010999835786, 90.78489146853325, 19479, 0.97
83.9010999835786, 90.75626222943617, 20060, 0.97
83.9010999835786, 89.86474296000338, 20602, 0.97
83.42863896577795, 89.95858666803912, 21111, 0.97
83.00604818176647, 89.91571892352653, 21605, 0.97
83.00604818176647, 90.07887204030732, 22107, 0.97
83.00604818176647, 90.92621230465399, 22607, 0.97
83.00604818176647, 90.54783840271737, 23062, 0.97
83.00604818176647, 90.61162253065706, 23564, 0.97
83.00604818176647, 91.55692946510902, 24082, 0.97
83.00604818176647, 90.70623032816229, 24632, 0.97
82.66143893617367, 90.43246373406913, 25170, 0.97
82.66143893617367, 90.58887562039573, 25697, 0.97
82.66143893617367, 90.97600276428064, 26209, 0.97
82.66143893617367, 90.27284990200002, 26750, 0.97
82.66143893617367, 91.56095344094967, 27276, 0.97
82.66143893617367, 91.53425483838546, 27828, 0.97
82.66143893617367, 91.91329845572189, 28371, 0.97
82.66143893617367, 90.49224725045202, 28969, 0.97
82.66143893617367, 90.58927820642779, 29490, 0.97
82.66143893617367, 91.02921591437136, 30011, 0.97
82.66143893617367, 90.44570614428619, 30547, 0.9409
82.66143893617367, 91.44145116994287, 31107, 0.9409
82.66143893617367, 90.29765569623136, 31629, 0.9409
82.66143893617367, 91.22734057775297, 32168, 0.9409
82.66143893617367, 89.92562259044912, 32676, 0.9409
82.66143893617367, 90.52108919551144, 33202, 0.9409
82.66143893617367, 90.82411067138746, 33758, 0.9409
82.66143893617367, 90.35427718094621, 34330, 0.9409
82.66143893617367, 89.37960179489748, 34856, 0.9409
82.66143893617367, 90.71717704450477, 35369, 0.9409
82.66143893617367, 90.42605831668703, 35932, 0.912673
82.66143893617367, 89.67551337636029, 36470, 0.912673
82.66143893617367, 89.62078720615422, 37008, 0.912673
82.66143893617367, 90.64761703157005, 37562, 0.912673
82.66143893617367, 90.51943934309453, 38101, 0.912673
82.66143893617367, 90.32427280278164, 38631, 0.912673
82.66143893617367, 90.17604469003187, 39144, 0.912673
82.66143893617367, 90.70340859058011, 39677, 0.912673
82.66143893617367, 90.73219377867392, 40212, 0.912673
82.66143893617367, 89.65241906244665, 40703, 0.912673
82.66143893617367, 90.00768945719838, 41262, 0.8852928099999999
82.66143893617367, 89.49892097332899, 41815, 0.8852928099999999
82.66143893617367, 90.31076199994847, 42319, 0.8852928099999999
82.66143893617367, 89.95086681274312, 42855, 0.8852928099999999
82.66143893617367, 90.99188614840631, 43403, 0.8852928099999999
82.66143893617367, 89.56035201923511, 43926, 0.8852928099999999
82.66143893617367, 89.3826528874984, 44506, 0.8852928099999999
82.66143893617367, 89.78658437871127, 45017, 0.8852928099999999
82.66143893617367, 89.86312745492998, 45523, 0.8852928099999999
82.66143893617367, 89.77022589470445, 46013, 0.8852928099999999
82.66143893617367, 89.75183208257361, 46548, 0.8587340256999999
82.66143893617367, 89.40511452101715, 47055, 0.8587340256999999
82.66143893617367, 89.53273027184906, 47573, 0.8587340256999999
82.66143893617367, 89.4844756706074, 48084, 0.8587340256999999
82.66143893617367, 89.14342598984993, 48560, 0.8587340256999999
82.66143893617367, 89.19802421385255, 49033, 0.8587340256999999
82.66143893617367, 89.66909574290894, 49530, 0.8587340256999999
82.66143893617367, 89.08249733281679, 49995, 0.8587340256999999
82.66143893617367, 89.39998632106355, 50479, 0.8587340256999999
82.66143893617367, 88.86801660939442, 50947, 0.8587340256999999
82.66143893617367, 89.19233964518254, 51418, 0.8329720049289999
82.66143893617367, 88.6594775511206, 51883, 0.8329720049289999
82.66143893617367, 89.37689272645972, 52358, 0.8329720049289999
82.66143893617367, 89.61862485864029, 52843, 0.8329720049289999
82.66143893617367, 89.2871082023236, 53308, 0.8329720049289999
82.66143893617367, 89.23450476202039, 53799, 0.8329720049289999
82.51616572642884, 88.9335361117001, 54281, 0.8329720049289999
82.51616572642884, 88.84877955618015, 54730, 0.8329720049289999
82.51616572642884, 88.94343078259631, 55144, 0.8329720049289999
82.51616572642884, 89.26935494995949, 55593, 0.8329720049289999
82.51616572642884, 90.44544819283907, 56049, 0.8329720049289999
82.51616572642884, 89.2047473761509, 56503, 0.8329720049289999
82.51616572642884, 89.55338113554977, 56904, 0.8329720049289999
82.51616572642884, 89.58778229668049, 57329, 0.8329720049289999
82.51616572642884, 89.32851251325448, 57761, 0.8329720049289999
82.51616572642884, 89.04893108957154, 58188, 0.8329720049289999
82.51616572642884, 89.61673489325248, 58632, 0.8079828447811299
82.51616572642884, 89.78304371823643, 59056, 0.8079828447811299
82.51616572642884, 89.68824237001519, 59493, 0.8079828447811299
82.51616572642884, 90.07267386362336, 59924, 0.8079828447811299
82.51616572642884, 89.3537850928188, 60333, 0.8079828447811299
82.51616572642884, 89.69613371732058, 60762, 0.8079828447811299
82.51616572642884, 89.41039624818887, 61190, 0.8079828447811299
82.51616572642884, 89.20354834930431, 61629, 0.8079828447811299
82.51616572642884, 88.4695803431484, 62087, 0.8079828447811299
81.53284047805843, 88.58607467513937, 62518, 0.8079828447811299
81.53284047805843, 88.45969896044073, 62910, 0.8079828447811299
81.53284047805843, 89.07946669345054, 63308, 0.8079828447811299
81.53284047805843, 88.48889437587924, 63696, 0.8079828447811299
81.53284047805843, 88.8501749613847, 64123, 0.8079828447811299
81.53284047805843, 88.49441281189839, 64537, 0.8079828447811299
81.53284047805843, 89.80185232216411, 64937, 0.8079828447811299
81.53284047805843, 88.94533788927653, 65322, 0.8079828447811299
81.53284047805843, 89.13622214135465, 65748, 0.8079828447811299
81.53284047805843, 88.39710684841235, 66175, 0.8079828447811299
81.53284047805843, 88.96299945924753, 66581, 0.783743359437696
81.53284047805843, 89.14832221199966, 66974, 0.783743359437696
81.53284047805843, 88.72155903869297, 67368, 0.783743359437696
81.53284047805843, 88.67650874974956, 67756, 0.783743359437696
81.53284047805843, 88.25845309723972, 68145, 0.783743359437696
81.53284047805843, 89.44663037450059, 68541, 0.783743359437696
81.53284047805843, 88.69937247909249, 68918, 0.783743359437696
81.53284047805843, 88.29988587477199, 69297, 0.783743359437696
81.53284047805843, 88.31706774066193, 69692, 0.783743359437696
81.53284047805843, 88.29696948209845, 70083, 0.783743359437696
81.53284047805843, 88.54434012055806, 70475, 0.7602310586545651
81.53284047805843, 88.43645536920366, 70857, 0.7602310586545651
81.53284047805843, 88.32660613061854, 71253, 0.7602310586545651
81.53284047805843, 87.9695026692655, 71631, 0.7602310586545651
81.53284047805843, 88.31803787185271, 72026, 0.7602310586545651
81.53284047805843, 88.22834353691164, 72443, 0.7602310586545651
81.53284047805843, 90.14873583676261, 72857, 0.7602310586545651
81.53284047805843, 88.53973406454514, 73241, 0.7602310586545651
81.53284047805843, 88.11619141204689, 73631, 0.7602310586545651
81.53284047805843, 88.3920460645901, 74015, 0.7602310586545651
81.53284047805843, 88.3775429475173, 74422, 0.7374241268949281
81.53284047805843, 89.05323237760881, 74798, 0.7374241268949281
81.53284047805843, 88.65651129334938, 75181, 0.7374241268949281
81.53284047805843, 88.29900486331655, 75551, 0.7374241268949281
81.53284047805843, 88.4620415622091, 75936, 0.7374241268949281
81.53284047805843, 88.32825578598228, 76309, 0.7374241268949281
81.53284047805843, 88.84166598691547, 76705, 0.7374241268949281
81.53284047805843, 88.05975567790692, 77051, 0.7374241268949281
81.53284047805843, 88.2271382970521, 77417, 0.7374241268949281
81.53284047805843, 87.86721935547101, 77798, 0.7374241268949281
81.53284047805843, 88.78633515137899, 78163, 0.7153014030880802
81.53284047805843, 89.21468585036082, 78576, 0.7153014030880802
81.53284047805843, 88.21690720007098, 78952, 0.7153014030880802
81.53284047805843, 88.0325025889135, 79308, 0.7153014030880802
81.53284047805843, 87.90843893708774, 79661, 0.7153014030880802
81.53284047805843, 88.15157504120089, 80051, 0.7153014030880802
81.53284047805843, 88.42661171637285, 80425, 0.7153014030880802
81.53284047805843, 88.08661767392643, 80785, 0.7153014030880802
81.53284047805843, 88.21508918393272, 81146, 0.7153014030880802
81.53284047805843, 88.2914357803668, 81517, 0.7153014030880802
81.53284047805843, 88.1412436720355, 81878, 0.6938423609954378
81.53284047805843, 87.93142431942513, 82261, 0.6938423609954378
81.53284047805843, 87.73323977076534, 82619, 0.6938423609954378
81.53284047805843, 88.24357778807888, 82987, 0.6938423609954378
81.53284047805843, 87.59476197290628, 83349, 0.6938423609954378
81.53284047805843, 87.87067873767037, 83719, 0.6938423609954378
81.53284047805843, 87.91231511273249, 84090, 0.6938423609954378
81.53284047805843, 88.16090667685226, 84455, 0.6938423609954378
81.53284047805843, 87.59247850562683, 84824, 0.6938423609954378
81.53284047805843, 87.9039809280231, 85179, 0.6938423609954378
81.53284047805843, 87.71468772553997, 85575, 0.6730270901655747
81.53284047805843, 87.42814287174885, 85918, 0.6730270901655747
81.53284047805843, 87.77117385531533, 86288, 0.6730270901655747
81.53284047805843, 87.77551456315348, 86609, 0.6730270901655747
81.53284047805843, 87.96712129710478, 86960, 0.6730270901655747
81.53284047805843, 87.69143610491574, 87321, 0.6730270901655747
81.53284047805843, 87.77813892989471, 87651, 0.6730270901655747
81.53284047805843, 87.25622589441831, 88005, 0.6730270901655747
81.53284047805843, 87.84284382966898, 88341, 0.6730270901655747
81.53284047805843, 87.55074716817634, 88646, 0.6730270901655747
81.28805166836409, 87.29936312668289, 88947, 0.6730270901655747
81.28805166836409, 87.64578072128513, 89257, 0.6730270901655747
81.28805166836409, 87.24545761146108, 89580, 0.6730270901655747
81.28805166836409, 86.81657713323706, 89902, 0.6730270901655747
81.28805166836409, 87.54617383109266, 90222, 0.6730270901655747
81.28805166836409, 87.7293374279433, 90549, 0.6730270901655747
81.28805166836409, 87.75541901696707, 90875, 0.6730270901655747
81.28805166836409, 87.49868933376192, 91239, 0.6730270901655747
81.28805166836409, 87.73991873750494, 91554, 0.6730270901655747
81.28805166836409, 87.24452131740456, 91885, 0.6730270901655747
81.28805166836409, 87.12375585179372, 92190, 0.6528362774606075
81.28805166836409, 87.55515480861297, 92495, 0.6528362774606075
81.28805166836409, 87.63026573265812, 92855, 0.6528362774606075
81.28805166836409, 87.45670425443392, 93181, 0.6528362774606075
81.28805166836409, 87.65189919942044, 93520, 0.6528362774606075
81.28805166836409, 88.1316436997631, 93845, 0.6528362774606075
81.28805166836409, 87.43665400090296, 94181, 0.6528362774606075
81.28805166836409, 87.67444717537853, 94514, 0.6528362774606075
81.28805166836409, 87.4328179512708, 94852, 0.6528362774606075
81.28805166836409, 87.36578469367363, 95198, 0.6528362774606075
81.08954864723464, 87.66838367073687, 95518, 0.6528362774606075
81.08954864723464, 87.43486500673687, 95863, 0.6528362774606075
81.08954864723464, 87.77701647085927, 96205, 0.6528362774606075
81.08954864723464, 87.17591118245493, 96573, 0.6528362774606075
81.08954864723464, 87.80319697907692, 96898, 0.6528362774606075
81.08954864723464, 87.43494745486382, 97228, 0.6528362774606075
81.08954864723464, 87.27780881830672, 97590, 0.6528362774606075
81.08954864723464, 87.47417392987218, 97922, 0.6528362774606075
81.08954864723464, 87.36029402554541, 98228, 0.6528362774606075
81.08954864723464, 87.13532893279078, 98533, 0.6528362774606075
81.08954864723464, 87.57119751078866, 98843, 0.6332511891367892
81.08954864723464, 87.33272261879682, 99160, 0.6332511891367892
81.08954864723464, 86.90634379633892, 99462, 0.6332511891367892
81.08954864723464, 87.06877402742721, 99744, 0.6332511891367892
81.08954864723464, 87.69463446845648, 100085, 0.6332511891367892
TIME: 5104.640147447586

OBJ_RATE: 81.08954864723464
C_RATE: 62.791797812640986
INF_RATE: 682
