

------------------------------------  newthyroid  ------------------------------------
SEED: 30

--------> Restriction: 10
81.60569830217702, 117.61898435535706, 67281.60569830217702, 115.85917938689452, 130181.60569830217702, 117.20558072423671, 190481.60569830217702, 117.49366574604792, 252281.60569830217702, 118.42779993814425, 312481.60569830217702, 117.42907213004662, 372381.60569830217702, 118.03244759200982, 434081.60569830217702, 116.72568144382285, 497381.60569830217702, 116.2968180988077, 555281.60569830217702, 118.47955137253885, 619281.60569830217702, 118.78300417227152, 680581.60569830217702, 118.06971799494849, 741781.60569830217702, 118.0221491173298, 807881.60569830217702, 115.41068475816235, 868481.60569830217702, 117.82037201196245, 930081.60569830217702, 115.93488387897187, 992681.60569830217702, 116.18285621823127, 1053281.60569830217702, 116.47186522581535, 1114781.60569830217702, 117.36485126238614, 1176181.60569830217702, 118.61065797867766, 1239181.60569830217702, 116.39873681943882, 1301781.60569830217702, 119.17362652935162, 1363881.60569830217702, 117.19485209072862, 1425681.60569830217702, 119.32413354637319, 1488081.60569830217702, 117.90477856115433, 1548381.60569830217702, 118.08263358545129, 1611981.60569830217702, 115.53272124490603, 1675781.60569830217702, 116.990444095697, 1735481.60569830217702, 117.90929552309963, 1801081.60569830217702, 116.13639579011294, 1863181.60569830217702, 117.80245612108176, 1925481.60569830217702, 116.88842374271532, 1989681.60569830217702, 117.38360529444027, 2052581.60569830217702, 116.33015633137464, 2113881.60569830217702, 116.32250192050928, 2175681.60569830217702, 117.13091149900389, 2237581.60569830217702, 116.73997197153295, 2298881.60569830217702, 119.86341428253638, 2360681.60569830217702, 118.99992006566912, 2423281.60569830217702, 119.17168106410462, 2484881.60569830217702, 117.95813784531236, 2546581.60569830217702, 118.1121254367978, 2602881.60569830217702, 115.92058869685347, 2660881.60569830217702, 115.72472540919571, 2723881.60569830217702, 118.333976049513, 2784081.60569830217702, 116.90834570188112, 2845781.60569830217702, 115.49005807211599, 2905481.60569830217702, 117.60001244144229, 2968081.60569830217702, 116.65730526852148, 3028081.60569830217702, 115.37458768175131, 3089681.60569830217702, 118.70936625215741, 31500TIME: 637.7773153781891

OBJ_RATE: 108.69851638031021
C_RATE: 77.53979809688009
INF_RATE: 852
