

------------------------------------  ecoli  ------------------------------------
SEED: 0

--------> Restriction: 10
87.71499251055985, 95.51075841714584, 485, 0.997
85.75864565816232, 93.45898020175126, 867, 0.994009
85.75864565816232, 92.72592810627698, 1316, 0.991026973
85.71253274393963, 93.08232734504844, 1811, 0.988053892081
85.71253274393963, 92.07709054160019, 2246, 0.985089730404757
85.29320927565928, 91.87795771149604, 2651, 0.9821344612135428
85.29320927565928, 90.40309123849109, 3050, 0.9791880578299021
84.951227758071, 92.06203364713512, 3496, 0.9762504936564125
84.951227758071, 91.64085669851445, 3985, 0.9733217421754432
84.951227758071, 91.43885769410983, 4479, 0.9704017769489168
84.951227758071, 91.54948568529079, 4980, 0.9674905716180701
84.951227758071, 91.57897028649231, 5416, 0.9645880999032158
83.9633178646911, 90.69434682140906, 5885, 0.9616943356035061
83.9633178646911, 90.66884946723783, 6277, 0.9588092525966956
83.9633178646911, 89.79969508498439, 6741, 0.9559328248389055
83.9633178646911, 89.46842786453107, 7254, 0.9530650263643888
83.9633178646911, 90.31794227758499, 7754, 0.9502058312852957
83.9633178646911, 89.51307072161472, 8208, 0.9473552137914398
83.9633178646911, 90.14644631680794, 8690, 0.9445131481500655
83.9633178646911, 90.0159938281046, 9219, 0.9416796087056153
83.9633178646911, 89.45251608555238, 9707, 0.9388545698794984
83.9633178646911, 88.96723695183746, 10193, 0.93603800616986
83.9633178646911, 89.00490221733125, 10690, 0.9332298921513504
83.61041939768336, 88.97813188108933, 11148, 0.9304302024748964
83.61041939768336, 89.2469012168898, 11669, 0.9276389118674717
83.61041939768336, 89.77163640074518, 12256, 0.9248559951318693
83.61041939768336, 89.38165607686538, 12803, 0.9220814271464737
82.94163665318403, 89.89417643558657, 13339, 0.9193151828650342
82.819561074267, 88.94885324574832, 13844, 0.9165572373164391
82.819561074267, 89.113102015406, 14329, 0.9138075656044898
82.819561074267, 89.60835802136609, 14898, 0.9110661429076764
82.819561074267, 89.40472616203446, 15486, 0.9083329444789534
82.819561074267, 88.66968409546033, 16059, 0.9056079456455165
82.819561074267, 88.4835590198238, 16683, 0.90289112180858
82.819561074267, 87.86929684711203, 17247, 0.9001824484431542
82.819561074267, 88.4623847271127, 17799, 0.8974819010978248
82.819561074267, 87.88599753341333, 18413, 0.8947894553945313
82.819561074267, 87.8760156290909, 18970, 0.8921050870283477
82.819561074267, 88.87040630248424, 19484, 0.8894287717672626
82.819561074267, 88.12016452044742, 20039, 0.8867604854519608
82.819561074267, 88.1057607377502, 20633, 0.884100203995605
82.819561074267, 88.12508833483143, 21208, 0.8814479033836181
82.819561074267, 88.25716204372215, 21803, 0.8788035596734672
82.819561074267, 89.53368969743823, 22410, 0.8761671489944468
82.45598157548869, 88.54156463765906, 22971, 0.8735386475474635
82.45598157548869, 87.96836657764507, 23517, 0.8709180316048211
82.45598157548869, 88.50602266358322, 24070, 0.8683052775100066
82.45598157548869, 88.87831759133263, 24604, 0.8657003616774767
82.45598157548869, 88.58239372967431, 25142, 0.8631032605924442
82.45598157548869, 87.63318541477132, 25730, 0.860513950810667
82.45598157548869, 87.8381947924815, 26265, 0.857932408958235
82.45598157548869, 88.17035155240825, 26786, 0.8553586117313603
82.45598157548869, 88.50395897652632, 27317, 0.8527925358961662
82.45598157548869, 88.32032168134263, 27864, 0.8502341582884777
82.45598157548869, 88.17037611640491, 28444, 0.8476834558136123
82.45598157548869, 87.41022393951722, 28994, 0.8451404054461714
82.45598157548869, 88.4104721490381, 29576, 0.8426049842298329
82.45598157548869, 88.04267934115204, 30094, 0.8400771692771434
82.45598157548869, 87.91052779936888, 30641, 0.837556937769312
82.45598157548869, 87.52905545090641, 31174, 0.835044266956004
82.45598157548869, 87.7473034579044, 31746, 0.8325391341551359
82.45598157548869, 88.45794399780308, 32337, 0.8300415167526705
82.45598157548869, 87.36067637905288, 32874, 0.8275513922024125
82.45598157548869, 87.614436953228, 33422, 0.8250687380258053
82.45598157548869, 86.86456046085678, 33988, 0.8225935318117279
82.45598157548869, 86.85898891905259, 34526, 0.8201257512162927
82.45598157548869, 87.4109874290132, 35062, 0.8176653739626438
82.45598157548869, 87.63589439999726, 35600, 0.8152123778407558
82.45598157548869, 88.31244670359995, 36159, 0.8127667407072335
82.45598157548869, 87.53141665948299, 36731, 0.8103284404851119
82.45598157548869, 87.77937103598806, 37264, 0.8078974551636565
82.45598157548869, 87.08144127551606, 37811, 0.8054737627981655
82.16051118359042, 87.05228805905297, 38365, 0.803057341509771
81.01603466103975, 87.03879020597248, 38921, 0.8006481694852418
81.01603466103975, 87.31662081568047, 39434, 0.798246224976786
81.01603466103975, 87.20881124186097, 39977, 0.7958514863018556
81.01603466103975, 86.82818547823639, 40514, 0.79346393184295
81.01603466103975, 87.16862894172431, 41080, 0.7910835400474212
81.01603466103975, 87.85448717471353, 41608, 0.7887102894272789
81.01603466103975, 87.31310014243606, 42154, 0.7863441585589971
81.01603466103975, 86.66771613523295, 42661, 0.78398512608332
81.01603466103975, 87.10259666125131, 43178, 0.7816331707050701
81.01603466103975, 86.61087017119027, 43720, 0.7792882711929549
81.01603466103975, 86.81603481402527, 44253, 0.776950406379376
81.01603466103975, 86.7036145834938, 44834, 0.7746195551602378
81.01603466103975, 87.03505243807572, 45374, 0.7722956964947572
81.01603466103975, 87.30618197907252, 45938, 0.7699788094052729
81.01603466103975, 86.66922761761516, 46502, 0.767668872977057
81.01603466103975, 86.55803914306132, 47029, 0.7653658663581259
81.01603466103975, 86.74327117310254, 47561, 0.7630697687590515
81.01603466103975, 86.81398351722385, 48102, 0.7607805594527743
81.01603466103975, 87.12326882444817, 48675, 0.7584982177744161
81.01603466103975, 86.73885471724275, 49218, 0.7562227231210928
81.01603466103975, 86.64721323056463, 49786, 0.7539540549517295
81.01603466103975, 86.87136831348211, 50333, 0.7516921927868743
81.01603466103975, 86.33490616209767, 50884, 0.7494371162085136
81.01603466103975, 86.01545192860183, 51430, 0.747188804859888
81.01603466103975, 86.28627500900495, 51979, 0.7449472384453084
81.01603466103975, 86.74058830092574, 52510, 0.7427123967299725
81.01603466103975, 87.12834524785266, 53084, 0.7404842595397826
81.01603466103975, 86.79506249456486, 53603, 0.7382628067611632
81.01603466103975, 86.76845118356226, 54114, 0.7360480183408797
81.01603466103975, 86.72275504617373, 54678, 0.7338398742858571
81.01603466103975, 87.0517889756074, 55242, 0.7316383546629995
81.01603466103975, 86.35193216682157, 55797, 0.7294434395990105
81.01603466103975, 85.93609817557044, 56294, 0.7272551092802134
81.01603466103975, 86.71431158384914, 56814, 0.7250733439523728
81.01603466103975, 86.09358794270028, 57331, 0.7228981239205157
81.01603466103975, 86.53187070639541, 57849, 0.7207294295487541
81.01603466103975, 86.10643271212872, 58375, 0.7185672412601078
81.01603466103975, 86.43566917787841, 58896, 0.7164115395363275
81.01603466103975, 86.2621792464578, 59479, 0.7142623049177186
81.01603466103975, 86.57906919186048, 60028, 0.7121195180029655
81.01603466103975, 85.9507459683758, 60584, 0.7099831594489566
81.01603466103975, 86.47378704636843, 61110, 0.7078532099706097
81.01603466103975, 86.29668461455722, 61645, 0.7057296503406979
81.01603466103975, 86.57161691256253, 62175, 0.7036124613896758
81.01603466103975, 86.38225739562152, 62670, 0.7015016240055068
81.01603466103975, 86.05053301625705, 63221, 0.6993971191334902
81.01603466103975, 86.48858315812322, 63726, 0.6972989277760897
81.01603466103975, 86.13005292324041, 64256, 0.6952070309927615
81.01603466103975, 86.07274991933593, 64780, 0.6931214098997832
81.01603466103975, 86.09286993535657, 65336, 0.6910420456700839
81.01603466103975, 86.06467203816787, 65861, 0.6889689195330736
81.01603466103975, 86.06492169430146, 66385, 0.6869020127744744
81.01603466103975, 85.70082078132015, 66933, 0.684841306736151
81.01603466103975, 85.14693703091807, 67471, 0.6827867828159425
81.01603466103975, 85.62803543347907, 67976, 0.6807384224674947
81.01603466103975, 85.4364331430719, 68489, 0.6786962072000923
81.01603466103975, 85.57047073484554, 69018, 0.676660118578492
81.01603466103975, 85.80846836927213, 69572, 0.6746301382227565
81.01603466103975, 85.99974944327873, 70158, 0.6726062478080883
81.01603466103975, 85.99161877670805, 70712, 0.6705884290646641
81.01603466103975, 85.62866507832639, 71261, 0.66857666377747
81.01603466103975, 85.59835164452952, 71786, 0.6665709337861376
81.01603466103975, 85.93954128794115, 72302, 0.6645712209847792
81.01603466103975, 85.67838610495062, 72868, 0.6625775073218249
80.96929553223333, 85.46103844629474, 73379, 0.6605897747998594
80.96929553223333, 85.23813925908246, 73890, 0.6586080054754598
80.96929553223333, 86.1111310176009, 74392, 0.6566321814590335
80.96929553223333, 86.06515353114264, 74903, 0.6546622849146564
80.96929553223333, 85.33619899136123, 75372, 0.6526982980599124
80.96929553223333, 85.22879594363621, 75855, 0.6507402031657327
80.96929553223333, 85.586812537686, 76360, 0.6487879825562355
80.96929553223333, 85.24368522741531, 76867, 0.6468416186085668
80.96929553223333, 85.54764751440808, 77385, 0.6449010937527411
80.96929553223333, 85.18293885453944, 77898, 0.6429663904714829
80.96929553223333, 84.90867026462877, 78393, 0.6410374913000684
80.96929553223333, 85.28875910759417, 78885, 0.6391143788261682
80.96929553223333, 85.2055700220101, 79390, 0.6371970356896897
80.96929553223333, 85.15616129484438, 79870, 0.6352854445826206
80.96929553223333, 85.61682734484471, 80334, 0.6333795882488727
80.96929553223333, 85.6483983346669, 80801, 0.6314794494841262
80.96929553223333, 85.16037007447521, 81327, 0.6295850111356738
80.96929553223333, 85.15307795808671, 81839, 0.6276962561022668
80.96929553223333, 84.9971624713591, 82317, 0.62581316733396
80.96929553223333, 85.0927962585299, 82810, 0.623935727831958
80.96929553223333, 84.75265020760939, 83285, 0.6220639206484622
80.96929553223333, 85.05342198986526, 83761, 0.6201977288865168
80.96929553223333, 85.33696421334292, 84247, 0.6183371356998573
80.96929553223333, 84.81748310658848, 84711, 0.6164821242927577
80.96929553223333, 85.32152647847197, 85217, 0.6146326779198794
80.96929553223333, 84.95897659886947, 85704, 0.6127887798861198
80.96929553223333, 84.96572544280203, 86203, 0.6109504135464614
80.96929553223333, 84.88377531683892, 86700, 0.609117562305822
80.96929553223333, 84.63359762378421, 87193, 0.6072902096189046
80.96929553223333, 85.47092433828624, 87693, 0.6054683389900478
80.96929553223333, 84.76751214322564, 88201, 0.6036519339730777
80.96929553223333, 85.05650924761505, 88673, 0.6018409781711584
80.96929553223333, 84.726041491736, 89142, 0.6000354552366449
80.96929553223333, 84.753420753205, 89664, 0.598235348870935
80.46368825644856, 85.13971374929741, 90175, 0.5964406428243222
80.46368825644856, 85.0451665152249, 90699, 0.5946513208958493
80.46368825644856, 84.91618847144719, 91219, 0.5928673669331617
80.46368825644856, 85.11600926295203, 91709, 0.5910887648323622
80.46368825644856, 84.74234192174987, 92225, 0.5893154985378651
80.46368825644856, 85.02601360381061, 92714, 0.5875475520422515
80.46368825644856, 85.20316083070922, 93222, 0.5857849093861247
80.46368825644856, 84.42195282389808, 93744, 0.5840275546579663
80.46368825644856, 85.02117543629791, 94251, 0.5822754719939924
80.46368825644856, 84.96016515373347, 94736, 0.5805286455780104
80.46368825644856, 84.65451887277315, 95249, 0.5787870596412764
80.46368825644856, 85.00727515737138, 95744, 0.5770506984623526
80.46368825644856, 84.61118137499422, 96247, 0.5753195463669655
80.46368825644856, 85.05217878848148, 96740, 0.5735935877278646
80.46368825644856, 85.07725981418857, 97219, 0.571872806964681
80.46368825644856, 84.8404037635084, 97712, 0.5701571885437869
80.46368825644856, 84.51522193391045, 98177, 0.5684467169781556
80.46368825644856, 84.77777975972214, 98679, 0.5667413768272211
80.46368825644856, 84.94103669899394, 99194, 0.5650411526967395
80.46368825644856, 84.57786183754816, 99697, 0.5633460292386493
80.46368825644856, 84.77196358996144, 100165, 0.5616559911509333
TIME: 8065.489478588104

