Restriction:  10
MAX7.9
MIN0.1
3.850721990252813, 4.776436071875199, 593, 0.99
3.850721990252813, 4.658238760689878, 1147, 0.9801
3.850721990252813, 4.6885578943767845, 1732, 0.9702989999999999
3.850721990252813, 4.582500184305274, 2288, 0.96059601
3.850721990252813, 4.543745684557874, 2815, 0.9509900498999999
3.850721990252813, 4.639095538515579, 3343, 0.9414801494009999
3.850721990252813, 4.661133909661112, 3898, 0.9320653479069899
3.850721990252813, 4.55264151974986, 4404, 0.92274469442792
3.850721990252813, 4.58668900336714, 4934, 0.9135172474836407
3.850721990252813, 4.5261510550543935, 5468, 0.9043820750088043
3.850721990252813, 4.521970395166139, 5965, 0.8953382542587163
3.850721990252813, 4.443102001823741, 6488, 0.8863848717161291
3.850721990252813, 4.461738020317183, 6941, 0.8775210229989678
3.850721990252813, 4.3861256122103915, 7396, 0.8687458127689781
3.803009638552583, 4.439568060470089, 7854, 0.8600583546412883
3.803009638552583, 4.467663414283017, 8390, 0.8514577710948754
3.803009638552583, 4.456734497073666, 8923, 0.8429431933839266
3.803009638552583, 4.397386594383289, 9451, 0.8345137614500874
3.803009638552583, 4.352107841454103, 9933, 0.8261686238355865
3.803009638552583, 4.351985786344988, 10430, 0.8179069375972307
3.803009638552583, 4.3672961822650676, 10945, 0.8097278682212583
3.803009638552583, 4.388155754152284, 11396, 0.8016305895390458
3.803009638552583, 4.312558773186965, 11850, 0.7936142836436553
3.803009638552583, 4.395687720973942, 12284, 0.7856781408072188
3.803009638552583, 4.2349245975064544, 12711, 0.7778213593991465
3.803009638552583, 4.2460216459813465, 13096, 0.7700431458051551
3.803009638552583, 4.23526857147959, 13447, 0.7623427143471035
3.803009638552583, 4.19862459646037, 13758, 0.7547192872036325
3.803009638552583, 4.156431975873071, 14061, 0.7471720943315961
3.803009638552583, 4.137105888365936, 14287, 0.7397003733882802
3.803009638552583, 4.119097144932012, 14475, 0.7323033696543974
3.803009638552583, 4.093347980434246, 14651, 0.7249803359578534
3.803009638552583, 4.075985696501723, 14805, 0.7177305325982748
3.803009638552583, 4.035948105551139, 14961, 0.7105532272722921
3.803009638552583, 4.115011628345367, 15148, 0.7034476949995692
3.803009638552583, 4.01577454049816, 15285, 0.6964132180495735
3.803009638552583, 4.093360629998548, 15404, 0.6894490858690777
3.803009638552583, 4.07956981292504, 15542, 0.682554595010387
3.803009638552583, 4.035102088043038, 15665, 0.6757290490602831
3.803009638552583, 4.0186065191154645, 15758, 0.6689717585696803
3.803009638552583, 4.0533856626208795, 15857, 0.6622820409839835
3.803009638552583, 4.0346465109926575, 15962, 0.6556592205741436
3.803009638552583, 4.037926237628697, 16057, 0.6491026283684022
3.803009638552583, 4.030693420856556, 16142, 0.6426116020847181
3.803009638552583, 4.0025555654577065, 16207, 0.6361854860638709
3.803009638552583, 3.988725690479997, 16262, 0.6298236312032323
3.803009638552583, 3.9822275140086196, 16315, 0.6235253948912
3.803009638552583, 4.003212119742044, 16368, 0.617290140942288
3.803009638552583, 3.9728122970225206, 16420, 0.6111172395328651
3.803009638552583, 3.9748529980238514, 16471, 0.6050060671375365
3.803009638552583, 3.977681821285109, 16522, 0.5989560064661611
3.803009638552583, 3.9933495198579605, 16569, 0.5929664464014994
3.803009638552583, 3.9909991448874824, 16614, 0.5870367819374844
3.803009638552583, 3.9779832128549595, 16662, 0.5811664141181095
3.803009638552583, 3.9891126317734655, 16709, 0.5753547499769285
3.803009638552583, 3.962413793681962, 16737, 0.5696012024771592
3.803009638552583, 3.9526824521489594, 16760, 0.5639051904523876
3.803009638552583, 3.956710482083092, 16783, 0.5582661385478638
3.803009638552583, 3.9564332478523165, 16804, 0.5526834771623851
3.803009638552583, 3.961374177549052, 16832, 0.5471566423907612
3.803009638552583, 3.9544216107092938, 16850, 0.5416850759668536
3.803009638552583, 3.96535416095324, 16866, 0.536268225207185
3.803009638552583, 3.952157776338574, 16885, 0.5309055429551132
3.803009638552583, 3.951011133519099, 16894, 0.525596487525562
3.803009638552583, 3.95087749397128, 16901, 0.5203405226503064
3.803009638552583, 3.9526911240633984, 16906, 0.5151371174238033
3.803009638552583, 3.9610125938146683, 16908, 0.5099857462495653
3.803009638552583, 3.966410340902805, 16916, 0.5048858887870696
3.803009638552583, 3.9464124780453362, 16923, 0.4998370298991989
3.803009638552583, 3.9464124780453362, 16923, 0.49483865960020695
3.803009638552583, 3.9464124780453362, 16923, 0.4898902730042049
3.803009638552583, 3.9464124780453362, 16923, 0.48499137027416284
3.803009638552583, 3.9464124780453362, 16923, 0.4801414565714212
3.803009638552583, 3.9464124780453362, 16923, 0.475340042005707
3.803009638552583, 3.9464124780453362, 16923, 0.47058664158564995
3.803009638552583, 3.9464124780453362, 16923, 0.4658807751697934
3.803009638552583, 3.9464124780453362, 16923, 0.4612219674180955
3.803009638552583, 3.9464124780453362, 16923, 0.45660974774391455
3.803009638552583, 3.9464124780453362, 16923, 0.4520436502664754
3.803009638552583, 3.9464124780453362, 16923, 0.44752321376381066
3.803009638552583, 3.9464124780453362, 16923, 0.44304798162617254
3.803009638552583, 3.9464124780453362, 16923, 0.4386175018099108
3.803009638552583, 3.9464124780453362, 16923, 0.4342313267918117
3.803009638552583, 3.9464124780453362, 16923, 0.4298890135238936
3.803009638552583, 3.9464124780453362, 16923, 0.42559012338865465
3.803009638552583, 3.9464124780453362, 16923, 0.4213342221547681
3.803009638552583, 3.9464124780453362, 16923, 0.41712087993322045
3.803009638552583, 3.9464124780453362, 16923, 0.41294967113388825
3.803009638552583, 3.9464124780453362, 16923, 0.40882017442254937
3.803009638552583, 3.9464124780453362, 16923, 0.4047319726783239
3.803009638552583, 3.9464124780453362, 16923, 0.40068465295154065
3.803009638552583, 3.9464124780453362, 16923, 0.39667780642202527
3.803009638552583, 3.9464124780453362, 16923, 0.392711028357805
3.803009638552583, 3.9464124780453362, 16923, 0.38878391807422696
3.803009638552583, 3.9464124780453362, 16923, 0.3848960788934847
3.803009638552583, 3.9464124780453362, 16923, 0.38104711810454983
3.803009638552583, 3.9464124780453362, 16923, 0.37723664692350434
3.803009638552583, 3.9464124780453362, 16923, 0.37346428045426927
3.803009638552583, 3.9464124780453362, 16923, 0.36972963764972655
3.803009638552583, 3.9464124780453362, 16923, 0.36603234127322926
3.803009638552583, 3.9464124780453362, 16923, 0.36237201786049694
3.803009638552583, 3.9464124780453362, 16923, 0.358748297681892
3.803009638552583, 3.9464124780453362, 16923, 0.35516081470507305
3.803009638552583, 3.9464124780453362, 16923, 0.3516092065580223
3.803009638552583, 3.9464124780453362, 16923, 0.34809311449244207
3.803009638552583, 3.9464124780453362, 16923, 0.34461218334751764
3.803009638552583, 3.9464124780453362, 16923, 0.34116606151404244
3.803009638552583, 3.9464124780453362, 16923, 0.337754400898902
3.803009638552583, 3.9464124780453362, 16923, 0.334376856889913
3.803009638552583, 3.9464124780453362, 16923, 0.33103308832101386
3.803009638552583, 3.9464124780453362, 16923, 0.3277227574378037
3.803009638552583, 3.9464124780453362, 16923, 0.3244455298634257
3.803009638552583, 3.9464124780453362, 16923, 0.3212010745647914
3.803009638552583, 3.9464124780453362, 16923, 0.3179890638191435
3.803009638552583, 3.9464124780453362, 16923, 0.31480917318095203
3.803009638552583, 3.9464124780453362, 16923, 0.3116610814491425
3.803009638552583, 3.9464124780453362, 16923, 0.30854447063465107
3.803009638552583, 3.9464124780453362, 16923, 0.30545902592830454
3.803009638552583, 3.9464124780453362, 16923, 0.3024044356690215
3.803009638552583, 3.9464124780453362, 16923, 0.29938039131233124
3.803009638552583, 3.9464124780453362, 16923, 0.2963865873992079
3.803009638552583, 3.9464124780453362, 16923, 0.29342272152521587
3.803009638552583, 3.9464124780453362, 16923, 0.2904884943099637
3.803009638552583, 3.9464124780453362, 16923, 0.28758360936686406
3.803009638552583, 3.9464124780453362, 16923, 0.2847077732731954
3.803009638552583, 3.9464124780453362, 16923, 0.28186069554046345
3.803009638552583, 3.9464124780453362, 16923, 0.2790420885850588
3.803009638552583, 3.9464124780453362, 16923, 0.2762516676992082
3.803009638552583, 3.9464124780453362, 16923, 0.27348915102221616
3.803009638552583, 3.9464124780453362, 16923, 0.270754259511994
3.803009638552583, 3.9464124780453362, 16923, 0.26804671691687404
3.803009638552583, 3.9464124780453362, 16923, 0.2653662497477053
3.803009638552583, 3.9464124780453362, 16923, 0.2627125872502282
3.803009638552583, 3.9464124780453362, 16923, 0.2600854613777259
3.803009638552583, 3.9464124780453362, 16923, 0.2574846067639487
3.803009638552583, 3.9464124780453362, 16923, 0.2549097606963092
3.803009638552583, 3.9464124780453362, 16923, 0.2523606630893461
3.803009638552583, 3.9464124780453362, 16923, 0.24983705645845267
3.803009638552583, 3.9464124780453362, 16923, 0.24733868589386815
3.803009638552583, 3.9464124780453362, 16923, 0.24486529903492946
3.803009638552583, 3.9464124780453362, 16923, 0.24241664604458016
3.803009638552583, 3.9464124780453362, 16923, 0.23999247958413436
3.803009638552583, 3.9464124780453362, 16923, 0.23759255478829303
3.803009638552583, 3.9464124780453362, 16923, 0.2352166292404101
3.803009638552583, 3.9464124780453362, 16923, 0.232864462948006
3.803009638552583, 3.9464124780453362, 16923, 0.23053581831852593
3.803009638552583, 3.9464124780453362, 16923, 0.22823046013534068
3.803009638552583, 3.9464124780453362, 16923, 0.22594815553398728
3.803009638552583, 3.9464124780453362, 16923, 0.22368867397864742
3.803009638552583, 3.9464124780453362, 16923, 0.22145178723886094
3.803009638552583, 3.9464124780453362, 16923, 0.21923726936647234
3.803009638552583, 3.9464124780453362, 16923, 0.2170448966728076
3.803009638552583, 3.9464124780453362, 16923, 0.21487444770607952
3.803009638552583, 3.9464124780453362, 16923, 0.21272570322901874
3.803009638552583, 3.9464124780453362, 16923, 0.21059844619672854
3.803009638552583, 3.9464124780453362, 16923, 0.20849246173476127
3.803009638552583, 3.9464124780453362, 16923, 0.20640753711741366
3.803009638552583, 3.9464124780453362, 16923, 0.20434346174623952
3.803009638552583, 3.9464124780453362, 16923, 0.20230002712877712
3.803009638552583, 3.9464124780453362, 16923, 0.20027702685748935
3.803009638552583, 3.9464124780453362, 16923, 0.19827425658891445
3.803009638552583, 3.9464124780453362, 16923, 0.1962915140230253
3.803009638552583, 3.9464124780453362, 16923, 0.19432859888279505
3.803009638552583, 3.9464124780453362, 16923, 0.1923853128939671
3.803009638552583, 3.9464124780453362, 16923, 0.19046145976502743
3.803009638552583, 3.9464124780453362, 16923, 0.18855684516737714
3.803009638552583, 3.9464124780453362, 16923, 0.18667127671570335
3.803009638552583, 3.9464124780453362, 16923, 0.18480456394854633
3.803009638552583, 3.9464124780453362, 16923, 0.18295651830906087
3.803009638552583, 3.9464124780453362, 16923, 0.18112695312597027
3.803009638552583, 3.9464124780453362, 16923, 0.17931568359471056
3.803009638552583, 3.9464124780453362, 16923, 0.17752252675876345
3.803009638552583, 3.9464124780453362, 16923, 0.17574730149117582
3.803009638552583, 3.9464124780453362, 16923, 0.17398982847626407
3.803009638552583, 3.9464124780453362, 16923, 0.17224993019150142
3.803009638552583, 3.9464124780453362, 16923, 0.1705274308895864
3.803009638552583, 3.9464124780453362, 16923, 0.16882215658069055
3.803009638552583, 3.9464124780453362, 16923, 0.16713393501488363
3.803009638552583, 3.9464124780453362, 16923, 0.16546259566473479
3.803009638552583, 3.9464124780453362, 16923, 0.16380796970808745
3.803009638552583, 3.9464124780453362, 16923, 0.16216989001100657
3.803009638552583, 3.9464124780453362, 16923, 0.1605481911108965
3.803009638552583, 3.9464124780453362, 16923, 0.15894270919978754
3.803009638552583, 3.9464124780453362, 16923, 0.15735328210778965
3.803009638552583, 3.9464124780453362, 16923, 0.15577974928671176
3.803009638552583, 3.9464124780453362, 16923, 0.15422195179384465
3.803009638552583, 3.9464124780453362, 16923, 0.1526797322759062
3.803009638552583, 3.9464124780453362, 16923, 0.15115293495314713
3.803009638552583, 3.9464124780453362, 16923, 0.14964140560361566
3.803009638552583, 3.9464124780453362, 16923, 0.1481449915475795
3.803009638552583, 3.9464124780453362, 16923, 0.1466635416321037
3.803009638552583, 3.9464124780453362, 16923, 0.14519690621578268
3.803009638552583, 3.9464124780453362, 16923, 0.14374493715362485
3.803009638552583, 3.9464124780453362, 16923, 0.1423074877820886
3.803009638552583, 3.9464124780453362, 16923, 0.1408844129042677
3.803009638552583, 3.9464124780453362, 16923, 0.13947556877522502
3.803009638552583, 3.9464124780453362, 16923, 0.13808081308747278
3.803009638552583, 3.9464124780453362, 16923, 0.13670000495659804
3.803009638552583, 3.9464124780453362, 16923, 0.13533300490703207
3.803009638552583, 3.9464124780453362, 16923, 0.13397967485796175
3.803009638552583, 3.9464124780453362, 16923, 0.13263987810938213
3.803009638552583, 3.9464124780453362, 16923, 0.1313134793282883
3.803009638552583, 3.9464124780453362, 16923, 0.13000034453500542
3.803009638552583, 3.9464124780453362, 16923, 0.12870034108965536
3.803009638552583, 3.9464124780453362, 16923, 0.12741333767875881
3.803009638552583, 3.9464124780453362, 16923, 0.12613920430197123
3.803009638552583, 3.9464124780453362, 16923, 0.12487781225895152
3.803009638552583, 3.9464124780453362, 16923, 0.123629034136362
3.803009638552583, 3.9464124780453362, 16923, 0.12239274379499838
3.803009638552583, 3.9464124780453362, 16923, 0.1211688163570484
3.803009638552583, 3.9464124780453362, 16923, 0.11995712819347792
3.803009638552583, 3.9464124780453362, 16923, 0.11875755691154315
3.803009638552583, 3.9464124780453362, 16923, 0.11756998134242772
3.803009638552583, 3.9464124780453362, 16923, 0.11639428152900344
3.803009638552583, 3.9464124780453362, 16923, 0.11523033871371341
3.803009638552583, 3.9464124780453362, 16923, 0.11407803532657627
3.803009638552583, 3.9464124780453362, 16923, 0.11293725497331052
3.803009638552583, 3.9464124780453362, 16923, 0.1118078824235774
3.803009638552583, 3.9464124780453362, 16923, 0.11068980359934164
3.803009638552583, 3.9464124780453362, 16923, 0.10958290556334822
3.803009638552583, 3.9464124780453362, 16923, 0.10848707650771475
3.803009638552583, 3.9464124780453362, 16923, 0.1074022057426376
3.803009638552583, 3.9464124780453362, 16923, 0.10632818368521123
3.803009638552583, 3.9464124780453362, 16923, 0.10526490184835911
3.803009638552583, 3.9464124780453362, 16923, 0.10421225282987552
3.803009638552583, 3.9464124780453362, 16923, 0.10317013030157676
3.803009638552583, 3.9464124780453362, 16923, 0.10213842899856099
3.803009638552583, 3.9464124780453362, 16923, 0.10111704470857538
3.803009638552583, 3.9464124780453362, 16923, 0.10010587426148963
3.803009638552583, 3.9464124780453362, 16923, 0.09910481551887473
3.803009638552583, 3.9464124780453362, 16923, 0.09811376736368599
3.803009638552583, 3.9464124780453362, 16923, 0.09713262969004913
3.803009638552583, 3.9464124780453362, 16923, 0.09616130339314863
3.803009638552583, 3.9464124780453362, 16923, 0.09519969035921715
3.803009638552583, 3.9464124780453362, 16923, 0.09424769345562498
3.803009638552583, 3.9464124780453362, 16923, 0.09330521652106873
3.803009638552583, 3.9464124780453362, 16923, 0.09237216435585804
3.803009638552583, 3.9464124780453362, 16923, 0.09144844271229946
3.803009638552583, 3.9464124780453362, 16923, 0.09053395828517646
3.803009638552583, 3.9464124780453362, 16923, 0.08962861870232469
3.803009638552583, 3.9464124780453362, 16923, 0.08873233251530144
3.803009638552583, 3.9464124780453362, 16923, 0.08784500919014843
3.803009638552583, 3.9464124780453362, 16923, 0.08696655909824694
3.803009638552583, 3.9464124780453362, 16923, 0.08609689350726446
3.803009638552583, 3.9464124780453362, 16923, 0.08523592457219181
3.803009638552583, 3.9464124780453362, 16923, 0.0843835653264699
3.803009638552583, 3.9464124780453362, 16923, 0.0835397296732052
3.803009638552583, 3.9464124780453362, 16923, 0.08270433237647315
3.803009638552583, 3.9464124780453362, 16923, 0.08187728905270841
3.803009638552583, 3.9464124780453362, 16923, 0.08105851616218133
3.803009638552583, 3.9464124780453362, 16923, 0.08024793100055952
3.803009638552583, 3.9464124780453362, 16923, 0.07944545169055392
3.803009638552583, 3.9464124780453362, 16923, 0.07865099717364837
3.803009638552583, 3.9464124780453362, 16923, 0.07786448720191189
3.803009638552583, 3.9464124780453362, 16923, 0.07708584232989277
3.803009638552583, 3.9464124780453362, 16923, 0.07631498390659384
3.803009638552583, 3.9464124780453362, 16923, 0.07555183406752791
3.803009638552583, 3.9464124780453362, 16923, 0.07479631572685264
3.803009638552583, 3.9464124780453362, 16923, 0.07404835256958411
3.803009638552583, 3.9464124780453362, 16923, 0.07330786904388827
3.803009638552583, 3.9464124780453362, 16923, 0.07257479035344938
3.803009638552583, 3.9464124780453362, 16923, 0.07184904244991488
3.803009638552583, 3.9464124780453362, 16923, 0.07113055202541574
3.803009638552583, 3.9464124780453362, 16923, 0.07041924650516158
3.803009638552583, 3.9464124780453362, 16923, 0.06971505404010997
3.803009638552583, 3.9464124780453362, 16923, 0.06901790349970886
3.803009638552583, 3.9464124780453362, 16923, 0.06832772446471178
3.803009638552583, 3.9464124780453362, 16923, 0.06764444722006466
3.803009638552583, 3.9464124780453362, 16923, 0.066968002747864
3.803009638552583, 3.9464124780453362, 16923, 0.06629832272038537
3.803009638552583, 3.9464124780453362, 16923, 0.06563533949318151
3.803009638552583, 3.9464124780453362, 16923, 0.06497898609824969
3.803009638552583, 3.9464124780453362, 16923, 0.0643291962372672
3.803009638552583, 3.9464124780453362, 16923, 0.06368590427489453
3.803009638552583, 3.9464124780453362, 16923, 0.06304904523214558
3.803009638552583, 3.9464124780453362, 16923, 0.06241855477982412
3.803009638552583, 3.9464124780453362, 16923, 0.06179436923202588
3.803009638552583, 3.9464124780453362, 16923, 0.06117642553970562
3.803009638552583, 3.9464124780453362, 16923, 0.06056466128430856
3.803009638552583, 3.9464124780453362, 16923, 0.05995901467146548
3.803009638552583, 3.9464124780453362, 16923, 0.05935942452475082
3.803009638552583, 3.9464124780453362, 16923, 0.058765830279503314
3.803009638552583, 3.9464124780453362, 16923, 0.05817817197670828
3.803009638552583, 3.9464124780453362, 16923, 0.057596390256941195
3.803009638552583, 3.9464124780453362, 16923, 0.05702042635437178
3.803009638552583, 3.9464124780453362, 16923, 0.05645022209082806
3.803009638552583, 3.9464124780453362, 16923, 0.05588571986991978
3.803009638552583, 3.9464124780453362, 16923, 0.055326862671220584
3.803009638552583, 3.9464124780453362, 16923, 0.05477359404450838
3.803009638552583, 3.9464124780453362, 16923, 0.054225858104063294
3.803009638552583, 3.9464124780453362, 16923, 0.05368359952302266
3.803009638552583, 3.9464124780453362, 16923, 0.053146763527792434
3.803009638552583, 3.9464124780453362, 16923, 0.052615295892514506
3.803009638552583, 3.9464124780453362, 16923, 0.052089142933589364
3.803009638552583, 3.9464124780453362, 16923, 0.05156825150425347
3.803009638552583, 3.9464124780453362, 16923, 0.051052568989210935
3.803009638552583, 3.9464124780453362, 16923, 0.05054204329931883
3.803009638552583, 3.9464124780453362, 16923, 0.05003662286632564
3.803009638552583, 3.9464124780453362, 16923, 0.04953625663766238
3.803009638552583, 3.9464124780453362, 16923, 0.04904089407128576
3.803009638552583, 3.9464124780453362, 16923, 0.0485504851305729
3.803009638552583, 3.9464124780453362, 16923, 0.048064980279267165
3.803009638552583, 3.9464124780453362, 16923, 0.04758433047647449
3.803009638552583, 3.9464124780453362, 16923, 0.04710848717170975
3.803009638552583, 3.9464124780453362, 16923, 0.04663740229999265
3.803009638552583, 3.9464124780453362, 16923, 0.04617102827699272
3.803009638552583, 3.9464124780453362, 16923, 0.045709317994222794
3.803009638552583, 3.9464124780453362, 16923, 0.04525222481428057
3.803009638552583, 3.9464124780453362, 16923, 0.04479970256613776
3.803009638552583, 3.9464124780453362, 16923, 0.04435170554047638
3.803009638552583, 3.9464124780453362, 16923, 0.043908188485071616
3.803009638552583, 3.9464124780453362, 16923, 0.0434691066002209
3.803009638552583, 3.9464124780453362, 16923, 0.04303441553421869
3.803009638552583, 3.9464124780453362, 16923, 0.0426040713788765
3.803009638552583, 3.9464124780453362, 16923, 0.04217803066508773
3.803009638552583, 3.9464124780453362, 16923, 0.04175625035843686
3.803009638552583, 3.9464124780453362, 16923, 0.041338687854852486
3.803009638552583, 3.9464124780453362, 16923, 0.04092530097630396
3.803009638552583, 3.9464124780453362, 16923, 0.040516047966540916
3.803009638552583, 3.9464124780453362, 16923, 0.04011088748687551
3.803009638552583, 3.9464124780453362, 16923, 0.03970977861200675
3.803009638552583, 3.9464124780453362, 16923, 0.03931268082588668
3.803009638552583, 3.9464124780453362, 16923, 0.03891955401762781
3.803009638552583, 3.9464124780453362, 16923, 0.03853035847745153
3.803009638552583, 3.9464124780453362, 16923, 0.03814505489267701
3.803009638552583, 3.9464124780453362, 16923, 0.03776360434375024
3.803009638552583, 3.9464124780453362, 16923, 0.03738596830031274
3.803009638552583, 3.9464124780453362, 16923, 0.03701210861730961
3.803009638552583, 3.9464124780453362, 16923, 0.03664198753113651
3.803009638552583, 3.9464124780453362, 16923, 0.036275567655825146
3.803009638552583, 3.9464124780453362, 16923, 0.03591281197926689
3.803009638552583, 3.9464124780453362, 16923, 0.035553683859474224
3.803009638552583, 3.9464124780453362, 16923, 0.03519814702087948
3.803009638552583, 3.9464124780453362, 16923, 0.03484616555067068
3.803009638552583, 3.9464124780453362, 16923, 0.034497703895163975
3.803009638552583, 3.9464124780453362, 16923, 0.03415272685621234
3.803009638552583, 3.9464124780453362, 16923, 0.03381119958765021
3.803009638552583, 3.9464124780453362, 16923, 0.03347308759177371
3.803009638552583, 3.9464124780453362, 16923, 0.03313835671585597
3.803009638552583, 3.9464124780453362, 16923, 0.03280697314869741
3.803009638552583, 3.9464124780453362, 16923, 0.032478903417210436
3.803009638552583, 3.9464124780453362, 16923, 0.032154114383038335
3.803009638552583, 3.9464124780453362, 16923, 0.03183257323920795
3.803009638552583, 3.9464124780453362, 16923, 0.03151424750681587
3.803009638552583, 3.9464124780453362, 16923, 0.03119910503174771
3.803009638552583, 3.9464124780453362, 16923, 0.030887113981430233
3.803009638552583, 3.9464124780453362, 16923, 0.03057824284161593
3.803009638552583, 3.9464124780453362, 16923, 0.03027246041319977
3.803009638552583, 3.9464124780453362, 16923, 0.029969735809067772
3.803009638552583, 3.9464124780453362, 16923, 0.029670038450977095
3.803009638552583, 3.9464124780453362, 16923, 0.029373338066467324
3.803009638552583, 3.9464124780453362, 16923, 0.02907960468580265
3.803009638552583, 3.9464124780453362, 16923, 0.028788808638944622
3.803009638552583, 3.9464124780453362, 16923, 0.028500920552555174
3.803009638552583, 3.9464124780453362, 16923, 0.028215911347029624
3.803009638552583, 3.9464124780453362, 16923, 0.027933752233559327
3.803009638552583, 3.9464124780453362, 16923, 0.027654414711223735
3.803009638552583, 3.9464124780453362, 16923, 0.027377870564111496
3.803009638552583, 3.9464124780453362, 16923, 0.027104091858470382
3.803009638552583, 3.9464124780453362, 16923, 0.026833050939885677
3.803009638552583, 3.9464124780453362, 16923, 0.02656472043048682
3.803009638552583, 3.9464124780453362, 16923, 0.02629907322618195
3.803009638552583, 3.9464124780453362, 16923, 0.026036082493920133
3.803009638552583, 3.9464124780453362, 16923, 0.02577572166898093
3.803009638552583, 3.9464124780453362, 16923, 0.025517964452291122
3.803009638552583, 3.9464124780453362, 16923, 0.02526278480776821
3.803009638552583, 3.9464124780453362, 16923, 0.025010156959690527
3.803009638552583, 3.9464124780453362, 16923, 0.02476005539009362
3.803009638552583, 3.9464124780453362, 16923, 0.024512454836192684
3.803009638552583, 3.9464124780453362, 16923, 0.024267330287830756
3.803009638552583, 3.9464124780453362, 16923, 0.024024656984952448
3.803009638552583, 3.9464124780453362, 16923, 0.023784410415102923
3.803009638552583, 3.9464124780453362, 16923, 0.023546566310951894
3.803009638552583, 3.9464124780453362, 16923, 0.023311100647842375
3.803009638552583, 3.9464124780453362, 16923, 0.02307798964136395
3.803009638552583, 3.9464124780453362, 16923, 0.022847209744950314
3.803009638552583, 3.9464124780453362, 16923, 0.02261873764750081
3.803009638552583, 3.9464124780453362, 16923, 0.022392550271025803
3.803009638552583, 3.9464124780453362, 16923, 0.022168624768315544
3.803009638552583, 3.9464124780453362, 16923, 0.02194693852063239
3.803009638552583, 3.9464124780453362, 16923, 0.021727469135426065
3.803009638552583, 3.9464124780453362, 16923, 0.021510194444071803
3.803009638552583, 3.9464124780453362, 16923, 0.021295092499631085
3.803009638552583, 3.9464124780453362, 16923, 0.021082141574634772
3.803009638552583, 3.9464124780453362, 16923, 0.020871320158888425
3.803009638552583, 3.9464124780453362, 16923, 0.020662606957299542
3.803009638552583, 3.9464124780453362, 16923, 0.020455980887726547
3.803009638552583, 3.9464124780453362, 16923, 0.02025142107884928
3.803009638552583, 3.9464124780453362, 16923, 0.020048906868060788
3.803009638552583, 3.9464124780453362, 16923, 0.01984841779938018
3.803009638552583, 3.9464124780453362, 16923, 0.019649933621386378
3.803009638552583, 3.9464124780453362, 16923, 0.019453434285172513
3.803009638552583, 3.9464124780453362, 16923, 0.019258899942320787
3.803009638552583, 3.9464124780453362, 16923, 0.01906631094289758
3.803009638552583, 3.9464124780453362, 16923, 0.018875647833468602
3.803009638552583, 3.9464124780453362, 16923, 0.018686891355133916
3.803009638552583, 3.9464124780453362, 16923, 0.018500022441582577
3.803009638552583, 3.9464124780453362, 16923, 0.01831502221716675
3.803009638552583, 3.9464124780453362, 16923, 0.018131871994995084
3.803009638552583, 3.9464124780453362, 16923, 0.017950553275045134
3.803009638552583, 3.9464124780453362, 16923, 0.017771047742294682
3.803009638552583, 3.9464124780453362, 16923, 0.017593337264871736
3.803009638552583, 3.9464124780453362, 16923, 0.01741740389222302
3.803009638552583, 3.9464124780453362, 16923, 0.01724322985330079
3.803009638552583, 3.9464124780453362, 16923, 0.017070797554767782
3.803009638552583, 3.9464124780453362, 16923, 0.016900089579220106
3.803009638552583, 3.9464124780453362, 16923, 0.016731088683427906
3.803009638552583, 3.9464124780453362, 16923, 0.016563777796593626
3.803009638552583, 3.9464124780453362, 16923, 0.016398140018627688
3.803009638552583, 3.9464124780453362, 16923, 0.01623415861844141
3.803009638552583, 3.9464124780453362, 16923, 0.016071817032256998
3.803009638552583, 3.9464124780453362, 16923, 0.01591109886193443
3.803009638552583, 3.9464124780453362, 16923, 0.015751987873315085
3.803009638552583, 3.9464124780453362, 16923, 0.015594467994581935
3.803009638552583, 3.9464124780453362, 16923, 0.015438523314636115
3.803009638552583, 3.9464124780453362, 16923, 0.015284138081489753
3.803009638552583, 3.9464124780453362, 16923, 0.015131296700674856
3.803009638552583, 3.9464124780453362, 16923, 0.014979983733668108
3.803009638552583, 3.9464124780453362, 16923, 0.014830183896331426
3.803009638552583, 3.9464124780453362, 16923, 0.014681882057368112
3.803009638552583, 3.9464124780453362, 16923, 0.01453506323679443
3.803009638552583, 3.9464124780453362, 16923, 0.014389712604426485
3.803009638552583, 3.9464124780453362, 16923, 0.01424581547838222
3.803009638552583, 3.9464124780453362, 16923, 0.014103357323598397
3.803009638552583, 3.9464124780453362, 16923, 0.013962323750362413
3.803009638552583, 3.9464124780453362, 16923, 0.013822700512858789
3.803009638552583, 3.9464124780453362, 16923, 0.0136844735077302
3.803009638552583, 3.9464124780453362, 16923, 0.013547628772652899
3.803009638552583, 3.9464124780453362, 16923, 0.01341215248492637
3.803009638552583, 3.9464124780453362, 16923, 0.013278030960077106
3.803009638552583, 3.9464124780453362, 16923, 0.013145250650476335
3.803009638552583, 3.9464124780453362, 16923, 0.01301379814397157
3.803009638552583, 3.9464124780453362, 16923, 0.012883660162531854
3.803009638552583, 3.9464124780453362, 16923, 0.012754823560906535
3.803009638552583, 3.9464124780453362, 16923, 0.01262727532529747
3.803009638552583, 3.9464124780453362, 16923, 0.012501002572044496
3.803009638552583, 3.9464124780453362, 16923, 0.01237599254632405
3.803009638552583, 3.9464124780453362, 16923, 0.01225223262086081
3.803009638552583, 3.9464124780453362, 16923, 0.012129710294652202
3.803009638552583, 3.9464124780453362, 16923, 0.01200841319170568
3.803009638552583, 3.9464124780453362, 16923, 0.011888329059788623
3.803009638552583, 3.9464124780453362, 16923, 0.011769445769190737
3.803009638552583, 3.9464124780453362, 16923, 0.01165175131149883
3.803009638552583, 3.9464124780453362, 16923, 0.011535233798383842
3.803009638552583, 3.9464124780453362, 16923, 0.011419881460400004
3.803009638552583, 3.9464124780453362, 16923, 0.011305682645796004
3.803009638552583, 3.9464124780453362, 16923, 0.011192625819338045
3.803009638552583, 3.9464124780453362, 16923, 0.011080699561144665
3.803009638552583, 3.9464124780453362, 16923, 0.010969892565533218
3.803009638552583, 3.9464124780453362, 16923, 0.010860193639877886
3.803009638552583, 3.9464124780453362, 16923, 0.010751591703479106
3.803009638552583, 3.9464124780453362, 16923, 0.010644075786444315
3.803009638552583, 3.9464124780453362, 16923, 0.010537635028579873
3.803009638552583, 3.9464124780453362, 16923, 0.010432258678294073
3.803009638552583, 3.9464124780453362, 16923, 0.010327936091511133
3.803009638552583, 3.9464124780453362, 16923, 0.010224656730596022
3.803009638552583, 3.9464124780453362, 16923, 0.01012241016329006
3.803009638552583, 3.9464124780453362, 16923, 0.01002118606165716
3.803009638552583, 3.9464124780453362, 16923, 0.009920974201040588
3.803009638552583, 3.9464124780453362, 16923, 0.009821764459030182
3.803009638552583, 3.9464124780453362, 16923, 0.00972354681443988
3.803009638552583, 3.9464124780453362, 16923, 0.00962631134629548
3.803009638552583, 3.9464124780453362, 16923, 0.009530048232832525
3.803009638552583, 3.9464124780453362, 16923, 0.009434747750504199
3.803009638552583, 3.9464124780453362, 16923, 0.009340400272999157
3.803009638552583, 3.9464124780453362, 16923, 0.009246996270269165
3.803009638552583, 3.9464124780453362, 16923, 0.009154526307566474
3.803009638552583, 3.9464124780453362, 16923, 0.009062981044490808
3.803009638552583, 3.9464124780453362, 16923, 0.0089723512340459
3.803009638552583, 3.9464124780453362, 16923, 0.00888262772170544
3.803009638552583, 3.9464124780453362, 16923, 0.008793801444488386
3.803009638552583, 3.9464124780453362, 16923, 0.008705863430043502
3.803009638552583, 3.9464124780453362, 16923, 0.008618804795743068
3.803009638552583, 3.9464124780453362, 16923, 0.008532616747785637
3.803009638552583, 3.9464124780453362, 16923, 0.00844729058030778
3.803009638552583, 3.9464124780453362, 16923, 0.008362817674504702
3.803009638552583, 3.9464124780453362, 16923, 0.008279189497759654
3.803009638552583, 3.9464124780453362, 16923, 0.008196397602782058
3.803009638552583, 3.9464124780453362, 16923, 0.008114433626754238
3.803009638552583, 3.9464124780453362, 16923, 0.008033289290486696
3.803009638552583, 3.9464124780453362, 16923, 0.00795295639758183
3.803009638552583, 3.9464124780453362, 16923, 0.00787342683360601
3.803009638552583, 3.9464124780453362, 16923, 0.0077946925652699495
3.803009638552583, 3.9464124780453362, 16923, 0.00771674563961725
3.803009638552583, 3.9464124780453362, 16923, 0.007639578183221077
3.803009638552583, 3.9464124780453362, 16923, 0.0075631824013888665
3.803009638552583, 3.9464124780453362, 16923, 0.007487550577374978
3.803009638552583, 3.9464124780453362, 16923, 0.007412675071601228
3.803009638552583, 3.9464124780453362, 16923, 0.007338548320885215
3.803009638552583, 3.9464124780453362, 16923, 0.0072651628376763635
3.803009638552583, 3.9464124780453362, 16923, 0.0071925112092996
3.803009638552583, 3.9464124780453362, 16923, 0.007120586097206604
3.803009638552583, 3.9464124780453362, 16923, 0.007049380236234538
3.803009638552583, 3.9464124780453362, 16923, 0.006978886433872193
3.803009638552583, 3.9464124780453362, 16923, 0.006909097569533471
3.803009638552583, 3.9464124780453362, 16923, 0.006840006593838137
3.803009638552583, 3.9464124780453362, 16923, 0.0067716065278997555
3.803009638552583, 3.9464124780453362, 16923, 0.006703890462620758
3.803009638552583, 3.9464124780453362, 16923, 0.006636851557994551
3.803009638552583, 3.9464124780453362, 16923, 0.006570483042414605
3.803009638552583, 3.9464124780453362, 16923, 0.006504778211990459
3.803009638552583, 3.9464124780453362, 16923, 0.006439730429870554
3.803009638552583, 3.9464124780453362, 16923, 0.0063753331255718484
3.803009638552583, 3.9464124780453362, 16923, 0.00631157979431613
3.803009638552583, 3.9464124780453362, 16923, 0.006248463996372969
3.803009638552583, 3.9464124780453362, 16923, 0.006185979356409239
3.803009638552583, 3.9464124780453362, 16923, 0.006124119562845147
3.803009638552583, 3.9464124780453362, 16923, 0.006062878367216695
3.803009638552583, 3.9464124780453362, 16923, 0.006002249583544528
3.803009638552583, 3.9464124780453362, 16923, 0.005942227087709083
3.803009638552583, 3.9464124780453362, 16923, 0.005882804816831992
3.803009638552583, 3.9464124780453362, 16923, 0.005823976768663672
3.803009638552583, 3.9464124780453362, 16923, 0.005765737000977035
3.803009638552583, 3.9464124780453362, 16923, 0.005708079630967265
3.803009638552583, 3.9464124780453362, 16923, 0.005650998834657592
          FIIN
3.803009638552583
412.8046672344208
