9.069671822121725
8.999111211706508
8.969454469304019
8.926161762607693
8.708025163912088
8.708025163912088
8.708025163912088
8.708025163912088
8.708025163912088
8.708025163912088
8.708025163912088
8.708025163912088
8.708025163912088
8.679217554861452
8.679217554861452
8.679217554861452
8.679217554861452
8.679217554861452
8.679217554861452
8.679217554861452
8.679217554861452
8.679217554861452
8.679217554861452
8.679217554861452
8.679217554861452
8.679217554861452
8.679217554861452
8.679217554861452
8.679217554861452
8.679217554861452
8.679217554861452
8.679217554861452
8.679217554861452
8.679217554861452
8.679217554861452
8.679217554861452
8.679217554861452
8.679217554861452
8.679217554861452
8.679217554861452
8.679217554861452
8.679217554861452
8.679217554861452
8.679217554861452
8.679217554861452
8.679217554861452
8.679217554861452
8.679217554861452
8.679217554861452
8.679217554861452
8.679217554861452
8.679217554861452
8.679217554861452
8.679217554861452
8.679217554861452
8.679217554861452
8.679217554861452
8.679217554861452
8.679217554861452
8.679217554861452
8.679217554861452
8.679217554861452
8.679217554861452
8.679217554861452
8.679217554861452
8.679217554861452
8.679217554861452
8.679217554861452
8.679217554861452
8.679217554861452
8.679217554861452
8.679217554861452
8.679217554861452
8.679217554861452
8.679217554861452
8.679217554861452
8.679217554861452
8.679217554861452
8.679217554861452
8.679217554861452
8.679217554861452
8.679217554861452
8.679217554861452
8.679217554861452
8.679217554861452
8.679217554861452
8.679217554861452
8.679217554861452
8.679217554861452
8.679217554861452
8.679217554861452
8.679217554861452
8.590563649595005
8.590563649595005
8.590563649595005
8.590563649595005
8.590563649595005
8.590563649595005
8.590563649595005
8.590563649595005
8.590563649595005
8.590563649595005
8.590563649595005
8.590563649595005
8.590563649595005
8.590563649595005
8.590563649595005
8.590563649595005
8.590563649595005
8.590563649595005
8.590563649595005
8.590563649595005
8.590563649595005
8.590563649595005
8.590563649595005
8.590563649595005
8.590563649595005
8.590563649595005
8.590563649595005
8.590563649595005
8.590563649595005
8.590563649595005
8.590563649595005
8.590563649595005
8.590563649595005
8.590563649595005
8.590563649595005
8.590563649595005
8.590563649595005
8.590563649595005
8.590563649595005
8.590563649595005
8.590563649595005
8.590563649595005
8.590563649595005
8.590563649595005
8.590563649595005
8.590563649595005
8.590563649595005
8.590563649595005
8.590563649595005
8.590563649595005
8.590563649595005
8.590563649595005
8.590563649595005
8.590563649595005
8.590563649595005
8.590563649595005
8.590563649595005
8.590563649595005
8.590563649595005
8.590563649595005
8.590563649595005
8.590563649595005
8.590563649595005
8.590563649595005
8.590563649595005
8.590563649595005
8.590563649595005
8.590563649595005
8.590563649595005
8.590563649595005
8.590563649595005
8.590563649595005
8.590563649595005
          FIIN
[array([[63.76482254, 45.18340196, 49.44590953, 46.47451534],
       [50.35516648, 50.10140423, 54.77686958, 50.26978647],
       [55.2368951 , 49.60381591, 55.12219886, 45.99942812]])
 array([0, 0, 0, 0, 0, 0, 0, 0, 0, 0, 0, 0, 0, 0, 0, 0, 0, 0, 0, 0, 0, 0,
       0, 0, 0, 0, 0, 0, 0, 0, 0, 0, 0, 0, 0, 1, 0, 0, 0, 0, 0, 0, 0, 0,
       0, 0, 0, 0, 0, 0, 0, 2, 0, 2, 0, 0, 0, 0, 0, 0, 0, 0, 0, 0, 0, 0,
       0, 0, 0, 0, 0, 2, 0, 0, 0, 0, 0, 0, 0, 0, 0, 0, 2, 0, 0, 0, 0, 0,
       0, 0, 0, 0, 0, 0, 0, 0, 0, 0, 0, 0, 0, 0, 0, 0, 0, 0, 0, 0, 0, 0,
       0, 0, 0, 0, 0, 0, 0, 0, 0, 0, 0, 0, 0, 0, 0, 0, 2, 0, 0, 0, 0, 0,
       0, 0, 0, 0, 0, 0, 0, 0, 0, 0, 0, 0, 0, 0, 0, 0, 0, 0], dtype=int32)
 8.590563649595005]
