IRIS RESTRICTION 20, SEED 27

SOL: [0 0 0 0 0 0 0 0 0 0 0 0 0 0 0 0 0 0 0 0 0 0 0 0 0 0 0 0 0 0 0 0 0 0 0 0 0
 0 0 0 0 0 0 0 0 0 0 0 0 0 1 1 1 1 1 1 1 1 1 1 1 1 1 1 1 1 1 1 1 1 1 1 1 1
 1 1 1 1 1 1 1 1 1 1 1 1 1 1 1 1 1 1 1 1 1 1 1 1 1 1 2 2 2 2 2 2 2 2 2 2 2
 2 2 2 2 2 2 2 2 2 2 2 2 2 2 2 2 2 2 2 2 2 2 2 2 2 2 2 2 2 2 2 2 2 2 2 2 2
 2 2]
TIME: 8.462948083877563
C_RATE: 3.6542240535627477
INF_RATE: 0
OBJ_RATE: 3.6542240535627477

RESULTS: 
6.996244107437327
6.9838750119865765
6.971678973843227
6.965602050129099
6.9584303110209405
6.952186838701829
6.943729492685838
6.943365464331918
6.94286850946887
6.920516230374757
6.919157344735597
6.913559020813837
6.900935080971278
6.880235117054012
6.876270499975032
6.863373279311277
6.8410044024550505
6.834086692259632
6.826231265092561
6.810720358293239
6.803797194753955
6.794699391005722
6.787384732547734
6.777923537266254
6.7674861223999
6.757315737539135
6.7474373277419275
6.746863517633182
6.7285863152595295
6.723879195288325
6.696166210396624
6.694407771383414
6.673976088953344
6.655742379399885
6.644014941073493
6.640680725251229
6.633690368545841
6.619328135728992
6.605312034382671
6.590384512803239
6.558781361536042
6.546645510503254
6.544129587637666
6.515720282473117
6.494626215422475
6.481415311864062
6.453933845551856
6.444438829841298
6.408805931699263
6.399728546743345
6.371717943939572
6.349926803688147
6.34074078783847
6.331030839495321
6.314742714518282
6.303689115274936
6.3033670357112275
6.288315301461466
6.27685285663476
6.26285383241523
6.234506213690876
6.225399444605982
6.2249214283834995
6.215786311387809
6.209488542669675
6.1990459939467755
6.193528909094489
6.192791390301233
6.126983711673899
6.12596023865677
6.108334197550801
6.107243657203178
6.098178870485179
6.0964034233340545
6.087677529227509
6.067245330641446
6.050782256645057
6.033294645502881
6.022200245553422
6.013426340853442
5.987534731518702
5.9781687923719815
5.978061080424347
5.96916758570444
5.961507254591227
5.923439822140509
5.910903421903331
5.893280521311153
5.84051723401837
5.818957157693747
5.79276238185961
5.778315613760922
5.763216382179118
5.716395575596004
5.684718806933225
5.651647484832015
5.632493330664466
5.620335948299088
5.600957510648775
5.569090350553273
5.516443749704706
5.500253756674374
5.487796099411227
5.481538794276068
5.470271382314763
5.4611806450355935
5.42110783035383
5.36814512964873
5.350079008319714
5.338466750860226
5.3148025576149305
5.287081675495954
5.270716767625669
5.253237294931774
5.206577897299668
5.161390932448809
5.122945510712558
5.085576681534964
5.054793346470546
5.029078279956609
4.996584700068535
4.971785007014917
4.896133212670092
4.822641236630842
4.7662887772477465
4.72567067920293
4.696979994022089
4.693023279103094
4.641012179363952
4.585286823000944
4.548034533271007
4.513510709627605
4.464136041824364
4.424165263040618
4.390666243024072
4.348384245645989
4.294153576386788
4.249002672279662
4.2483748710504
4.197055772519741
4.1322250396248785
4.078251450817343
4.034916502109902
4.019885471701201
3.965931557641323
3.9581823568331056
3.8859144184989334
3.804489312721588
3.753458694523612
3.698828314969593
3.6542240535627477
